;Exported by: Administrator
;Date:        Fri Jul 12 12:16:04 2013
;File:        D:\Ãñ¹úÅ®.max
{Skeleton
	{bone revolute "basis"
		{limits -30 30}
		{speed 0.1}
		{Orientation
			1	0	0
			0	-1	0
			0	0	1
		}
		{bone "body"
			{Matrix34
				0	0	1
				0	-1	0
				1	0	0
				0	0.0344553	19.9224
			}
			{bone "foot1l"
				{Matrix34
					-0.993535	-0.0202547	0.111703
					0.111666	0.00297584	0.993741
					0.0204604	-0.99979	0.000694829
					-0.143509	-2.13095	-0.488995
				}
				{bone "foot2l"
					{Matrix34
						0.952385	-0.304899	-0.000108004
						0.304899	0.952385	-4.08255e-005
						0.0001153	0	1
						9.37838	-0.0471724	0
					}
					{bone "bone06"
						{Matrix34
							0.22138	0.973964	0.0488401
							-0.972284	0.216583	0.0880677
							0.0751968	-0.0669829	0.994916
							8.74023	0.113252	0.00567937
						}
					}
					{bone "foot3l"
						{Matrix34
							0.0905581	0.979615	0.179314
							0.00345631	-0.180362	0.983594
							0.995885	-0.0884531	-0.0197191
							9.2003	-0.34629	-0.0729969
						}
						{bone "bone07"
							{Position 2.60015	0	0}
						}
					}
				}
			}
			{bone "foot1r"
				{Matrix34
					-0.993573	0.0113964	0.112617
					0.112605	-0.0016877	0.993638
					0.0115138	0.999934	0.000393572
					-0.143518	2.17103	-0.488755
				}
				{bone "foot2r"
					{Matrix34
						0.951792	-0.306744	-0.000104403
						0.306744	0.951792	-3.95044e-005
						0.000111662	0	1
						9.37831	-0.0472316	0
					}
					{bone "bone03"
						{Matrix34
							0.221381	0.973964	0.04884
							-0.972284	0.216582	0.0880676
							0.0751969	-0.066983	0.994917
							8.74023	0.113252	0.00567985
						}
					}
					{bone "foot3r"
						{Matrix34
							0.0880245	0.974738	0.205275
							0.00721196	0.205446	-0.978642
							-0.996092	0.0876248	0.0110543
							9.2003	-0.346289	-0.0729966
						}
						{bone "bone05"
							{Position 2.60015	0	0}
						}
					}
				}
			}
			{bone revolute "ik_leftright"
				{limits -20 20}
				{speed 0.1}
				{Matrix34
					0	0	1
					0	-1	0
					1	0	0
					1.90368	0.0344548	0
				}
				{bone revolute "ik_updown"
					{limits -40 20}
					{speed 0.1}
					{Matrix34
						1	0	0
						0	0	1
						0	-1	0
						0	0	1.66801
					}
					{bone "head"
						{Matrix34
							1	0	0
							0	0	-1
							0	1	0
							0	7.21458	0
						}
						{bone "visor"
							{Matrix34
								1	0	0
								0	1	0
								0	0	1
								2.31916	0	2.33291
							}
						}
					}
					{bone "gun_back"
						{Matrix34
							0.0064783	0.996053	0.0885295
							-0.106389	0.0887156	-0.990359
							-0.994303	-0.00300279	0.106544
							-4.16774	-4.2536	2.42593
						}
					}
					{bone "clavicle_right"
						{Position -0.13918	6.12487	1.17253}
						{bone "hand1r"
							{Matrix34
								-0.00501604	-0.972357	0.233447
								0.865311	-0.121229	-0.486354
								0.50121	0.199565	0.841999
								0.0503405	-0.225973	2.95337
							}
							{bone "hand2r"
								{Matrix34
									0.999998	-0.00213476	0
									0.00213475	0.999998	0
									0	0	1
									6.26813	0	0
								}
								{bone "hand3r"
									{Matrix34
										0.982611	-0.185677	0
										0.185677	0.982611	0
										0	0	1
										5.19218	0	0
									}
								}
								{bone "right_hand"
									{Matrix34
										0.997179	0.075064	0.000306338
										-0.0690741	0.915993	0.395203
										0.0293851	-0.394109	0.918594
										6.26416	1.39944	0.337036
									}
								}
								{bone "hand_rot1r"
									{Matrix34
										0.00333577	-0.999958	0.00855787
										-0.999992	-0.003318	0.00210726
										-0.00207876	-0.00856506	-0.999961
										5.19225	0	0
									}
									{bone "palm1r"
										{Matrix34
											-0.987462	-0.121604	-0.100652
											-0.0703692	-0.231655	0.97025
											-0.141302	0.965168	0.220194
											0.12139	-0.163002	0.149548
										}
										{bone "palm2r_hide"
											{Matrix34
												-0.0075978	0.507037	-0.86189
												0.00255686	0.861923	0.507034
												0.999968	0.00164945	-0.00784798
												0.146145	0.242285	-1.25751
											}
											{bone "palm3r_hide"
												{Matrix34
													0.576833	0.816862	0
													-0.816862	0.576832	0
													0	0	1
													0.58188	-0.000115395	0
												}
												{bone "palm4r_hide"
													{Matrix34
														1	0	0
														0	1	0
														0	0	1
														0.534458	0	0
													}
												}
											}
										}
										{bone "palm2r"
											{Matrix34
												-0.00759967	0.507038	-0.86189
												0.00255613	0.861923	0.507034
												0.999968	0.00164789	-0.00784688
												0.146144	0.242285	-1.25751
											}
											{bone "palm3r"
												{Matrix34
													0.576833	0.816863	0
													-0.816862	0.576832	0
													0	0	1
													0.581881	-0.000115395	0
												}
											}
										}
									}
								}
							}
						}
					}
					{bone "clavicle_left"
						{Position -0.13918	6.12487	-1.18112}
						{bone "hand1l"
							{Matrix34
								-0.0951387	-0.941816	-0.322384
								0.864761	-0.238609	0.441875
								-0.493088	-0.236746	0.837147
								0.0503408	-0.225973	-2.95273
							}
							{bone "hand2l"
								{Matrix34
									0.950465	0.310831	0
									-0.310831	0.950465	0
									0	0	1
									6.26813	0	0
								}
								{bone "hand3l"
									{Matrix34
										0.982611	-0.185677	0
										0.185676	0.982611	0
										0	0	1
										5.19218	0	0
									}
								}
								{bone "left_hand"
									{Matrix34
										0.275672	0.823505	-0.495827
										0.0041886	-0.516838	-0.856073
										-0.961242	0.233919	-0.145927
										5.99779	-0.667303	0.409925
									}
								}
								{bone "hand_rot1l"
									{Matrix34
										0.00130207	-0.999931	0.0116371
										-0.999999	-0.00131427	-0.00103842
										0.00105362	-0.0116362	-0.999932
										5.25744	-0.000656366	-0.00162029
									}
									{bone "palm1l"
										{Matrix34
											0.965404	0.249251	-0.0766089
											-0.0261252	-0.199861	-0.979476
											-0.259446	0.947591	-0.186436
											0.0886898	-0.337658	-0.091609
										}
										{bone "palm2l"
											{Matrix34
												-0.00582631	0.491341	-0.870948
												-0.00447819	-0.870967	-0.491322
												-0.999973	0.00103832	0.00727384
												-0.0738363	0.242493	-1.26342
											}
											{bone "palm3l"
												{Matrix34
													0.578449	-0.815719	0
													0.815719	0.578449	0
													0	0	1
													0.578552	0.000165462	0
												}
											}
										}
										{bone "palm2l_hide"
											{Matrix34
												-0.00582631	0.491341	-0.870948
												-0.00447753	-0.870966	-0.491323
												-0.999973	0.00103892	0.0072739
												-0.0738373	0.242493	-1.26342
											}
											{bone "palm3l_hide"
												{Matrix34
													0.578448	-0.815719	0
													0.815719	0.578449	0
													0	0	1
													0.578548	0.000165462	0
												}
												{bone "palm4l_hide"
													{Matrix34
														1	0	0
														0	1	0
														0	0	1
														0.511902	-3.24249e-005	0
													}
												}
											}
										}
									}
								}
							}
						}
					}
				}
			}
			{bone revolute "placement"
				{Matrix34
					0	1	0
					-1	0	0
					0	0	1
					0.783108	0	0
				}
			}
		}
		{bone "ik_chain05"
			{Position -0.156063	-6.8126	18.2262}
		}
		{bone "ik_chain03"
			{Matrix34
				1	0	0
				0	-1	0
				0	0	1
				-1.09561	2.53715	1.86587
			}
		}
		{bone "ik_chain04"
			{Matrix34
				1	0	0
				0	-1	0
				0	0	1
				3.29347	3.4301	0.0514984
			}
		}
		{bone "ik_chain02"
			{Position 3.29347	-3.36689	0.0514994}
		}
		{bone "ik_chain01"
			{Position -1.09561	-2.34785	1.86587}
		}
		{bone "ik_chain06"
			{Position 0.240946	7.03244	18.4566}
		}
		{bone revolute "foresight2rot"
			{limits -20 20}
			{speed 0.1}
			{Position 13.7429	0.0246876	27.5947}
		}
		{bone "palm_ik_holder_right02"
			{Matrix34
				-0.00686328	-0.234485	-0.972095
				0.865298	0.485855	-0.123305
				0.50121	-0.841999	0.199565
				-0.120281	-5.58917	23.2981
			}
			{bone "palm_ik_holder_right01"
				{Matrix34
					0.003336	-0.999958	0.00855858
					-0.999992	-0.0033178	0.00210728
					-0.00207886	-0.00856507	-0.999961
					5.19224	0	0
				}
				{bone "palm_ik_holder_right"
					{Matrix34
						-0.987462	-0.121604	-0.100652
						-0.0703699	-0.231655	0.970249
						-0.141303	0.965168	0.220194
						0.119855	-0.164879	0.148729
					}
					{bone "ik_chain07"
						{Matrix34
							0.999956	0.00324065	-0.00886276
							2.76752e-005	0.938188	0.346125
							0.00943689	-0.346109	0.938147
							0.138651	1.07072	-1.80207
						}
					}
				}
			}
		}
		{bone "palm_ik_holder_left02"
			{Matrix34
				0.178369	0.169066	-0.96933
				0.851498	-0.520194	0.0659566
				-0.493088	-0.837147	-0.236746
				-0.68518	6.1546	23.4896
			}
			{bone "palm_ik_holder_left01"
				{Matrix34
					0.00130222	-0.999931	0.0116373
					-0.999999	-0.00131417	-0.0010384
					0.00105335	-0.0116361	-0.999932
					5.25744	-0.000657558	-0.00161934
				}
				{bone "palm_ik_holder_left"
					{Matrix34
						0.965404	0.249251	-0.0766089
						-0.0261247	-0.199862	-0.979476
						-0.259447	0.947591	-0.186436
						0.0856137	-0.338799	-0.0894632
					}
					{bone "ik_chain08"
						{Matrix34
							0.999967	-0.0028628	0.00758418
							0.000204241	0.944171	0.329455
							-0.00810455	-0.329442	0.944141
							-0.0736461	1.03671	-1.8188
						}
					}
				}
			}
		}
		{bone "skin"
			{Matrix34
				-0.00818312	0.999967	-0.000241537
				-0.999531	-0.00818672	-0.0295029
				-0.0295039	0	0.999565
				-0.795342	0.0583041	17.7764
			}
			{VolumeView "skin.ply"}
		}
	}
}
