;Exported by: Administrator
;Date:        Sat Mar 07 13:05:35 2015
;File:        C:\Users\Administrator\Desktop\×ÀÃæ\³¯ÏÊÕ½Õù\pva_soldier_1.max
{Skeleton
	{bone revolute "basis"
		{limits -30 30}
		{speed 0.1}
		{Orientation
			1	0	0
			0	-1	0
			0	0	1
		}
		{bone "body"
			{Matrix34
				0	0	1
				0	-1	0
				1	0	0
				0	0.0344553	19.9224
			}
			{bone "foot1l"
				{Matrix34
					-0.988016	-0.0202492	0.153016
					0.152986	0.00304686	0.988224
					0.0204769	-0.99979	-8.74858e-005
					-0.143509	-2.13095	-0.488995
				}
				{bone "foot2l"
					{Matrix34
						0.950042	-0.31212	-9.44696e-005
						0.31212	0.950043	-3.57118e-005
						0.000100875	0	1
						9.37838	-0.0471723	0
					}
					{bone "bone06"
						{Matrix34
							0.22138	0.973964	0.0488401
							-0.972284	0.216583	0.0880677
							0.0751968	-0.0669829	0.994917
							8.74023	0.113252	0.00567913
						}
					}
					{bone "foot3l"
						{Matrix34
							0.162408	0.965361	0.204209
							-0.0144502	-0.204608	0.978738
							0.986618	-0.161906	-0.0192805
							9.2003	-0.346289	-0.0729971
						}
						{bone "bone07"
							{Position 2.60015	0	0}
						}
					}
				}
			}
			{bone "foot1r"
				{Matrix34
					-0.988019	0.0113909	0.153911
					0.153901	-0.00172526	0.988085
					0.0115205	0.999934	-4.84547e-005
					-0.143518	2.17103	-0.488755
				}
				{bone "foot2r"
					{Matrix34
						0.949449	-0.313922	-9.09232e-005
						0.313922	0.949449	-3.43914e-005
						9.73642e-005	0	1
						9.37831	-0.0472324	0
					}
					{bone "bone03"
						{Matrix34
							0.221381	0.973964	0.0488401
							-0.972284	0.216582	0.0880676
							0.075197	-0.0669829	0.994916
							8.74023	0.113252	0.00568008
						}
					}
					{bone "foot3r"
						{Matrix34
							0.159161	0.959155	0.233858
							0.02731	0.232509	-0.972211
							-0.986875	0.161124	0.0108114
							9.2003	-0.346289	-0.0729961
						}
						{bone "bone05"
							{Position 2.60015	0	0}
						}
					}
				}
			}
			{bone revolute "ik_leftright"
				{limits -20 20}
				{speed 0.1}
				{Matrix34
					0	0	1
					0	-1	0
					1	0	0
					1.90368	0.0344548	0
				}
				{bone revolute "ik_updown"
					{limits -40 20}
					{speed 0.1}
					{Matrix34
						1	0	0
						0	0	1
						0	-1	0
						0	0	1.66801
					}
					{bone "head"
						{Matrix34
							1	0	0
							0	0	-1
							0	1	0
							0	7.21458	0
						}
						{bone "visor"
							{Matrix34
								1	0	0
								0	1	0
								0	0	1
								2.31916	0	2.33291
							}
						}
					}
					{bone "gun_back"
						{Matrix34
							0.0064783	0.996053	0.0885295
							-0.106389	0.0887156	-0.990359
							-0.994303	-0.00300279	0.106544
							-5.48453	-4.2536	2.42593
						}
					}
					{bone "clavicle_right"
						{Position -0.816305	6.12487	1.17253}
						{bone "hand1r"
							{Matrix34
								-0.0745333	-0.97265	0.219993
								0.86727	-0.172115	-0.467138
								0.492226	0.155976	0.856379
								0.0503405	-0.225973	2.95337
							}
							{bone "hand2r"
								{Matrix34
									0.947216	0.320595	0
									-0.320595	0.947216	0
									0	0	1
									6.26813	0	0
								}
								{bone "hand3r"
									{Matrix34
										0.982611	-0.185677	0
										0.185677	0.982611	0
										0	0	1
										5.19218	0	0
									}
								}
								{bone "right_hand"
									{Matrix34
										0.997179	0.075064	0.000306383
										-0.0690742	0.915993	0.395203
										0.0293852	-0.394109	0.918594
										6.26416	1.39944	0.337036
									}
								}
								{bone "hand_rot1r"
									{Matrix34
										0.00333583	-0.999958	0.00855798
										-0.999992	-0.00331794	0.00210719
										-0.0020788	-0.00856489	-0.999961
										5.19225	0	0
									}
									{bone "palm1r"
										{Matrix34
											-0.987462	-0.121604	-0.100652
											-0.0703694	-0.231655	0.97025
											-0.141302	0.965167	0.220194
											0.12139	-0.163004	0.149548
										}
										{bone "palm2r_hide"
											{Matrix34
												-0.00761043	0.507049	-0.861883
												0.00255121	0.861916	0.507046
												0.999968	0.0016612	-0.00785553
												0.146145	0.242285	-1.25751
											}
											{bone "palm3r_hide"
												{Matrix34
													0.576833	0.816862	0
													-0.816862	0.576833	0
													0	0	1
													0.581881	-0.000114441	0
												}
												{bone "palm4r_hide"
													{Matrix34
														1	0	0
														0	1	0
														0	0	1
														0.53446	0	0
													}
												}
											}
										}
										{bone "palm2r"
											{Matrix34
												-0.00761219	0.50705	-0.861883
												0.00255038	0.861916	0.507046
												0.999968	0.00165967	-0.00785438
												0.146145	0.242285	-1.25751
											}
											{bone "palm3r"
												{Matrix34
													0.576833	0.816863	0
													-0.816862	0.576832	0
													0	0	1
													0.581881	-0.000115156	0
												}
											}
										}
									}
								}
							}
						}
					}
					{bone "clavicle_left"
						{Position -0.816305	6.12487	-1.18112}
						{bone "hand1l"
							{Matrix34
								-0.105886	-0.960526	-0.25725
								0.867557	-0.215661	0.448147
								-0.485936	-0.175727	0.856146
								0.0503408	-0.225973	-2.95274
							}
							{bone "hand2l"
								{Matrix34
									0.878319	0.478074	0
									-0.478074	0.878319	0
									0	0	1
									6.26813	0	0
								}
								{bone "hand3l"
									{Matrix34
										0.982611	-0.185677	0
										0.185677	0.982611	0
										0	0	1
										5.19218	0	0
									}
								}
								{bone "left_hand"
									{Matrix34
										0.275672	0.823505	-0.495827
										0.0041885	-0.516838	-0.856073
										-0.961242	0.233919	-0.145927
										5.99778	-0.667303	0.409924
									}
								}
								{bone "hand_rot1l"
									{Matrix34
										0.00130197	-0.999931	0.0116373
										-0.999999	-0.00131434	-0.0010384
										0.00105357	-0.0116361	-0.999932
										5.25744	-0.000656128	-0.00162125
									}
									{bone "palm1l"
										{Matrix34
											0.965404	0.249251	-0.076609
											-0.0261252	-0.199861	-0.979476
											-0.259446	0.947591	-0.186436
											0.239825	-0.278093	-0.179724
										}
										{bone "palm2l"
											{Matrix34
												-0.162326	0.37819	-0.911385
												0.0783906	-0.915773	-0.393973
												-0.983619	-0.135395	0.119006
												0.0296814	0.286032	-1.24262
											}
											{bone "palm3l"
												{Matrix34
													0.505153	-0.86303	0
													0.86303	0.505153	0
													0	0	1
													0.700436	0.0897026	-0.165492
												}
											}
										}
										{bone "palm2l_hide"
											{Matrix34
												-0.162326	0.378189	-0.911385
												0.078391	-0.915773	-0.393973
												-0.983619	-0.135395	0.119006
												-0.0738373	0.242493	-1.26342
											}
											{bone "palm3l_hide"
												{Matrix34
													0.505152	-0.86303	0
													0.86303	0.505154	0
													0	0	1
													0.578552	0.000165939	0
												}
												{bone "palm4l_hide"
													{Matrix34
														1	0	0
														0	1	0
														0	0	1
														0.511902	-3.43323e-005	0
													}
												}
											}
										}
									}
								}
							}
						}
					}
				}
			}
			{bone revolute "placement"
				{Matrix34
					0	1	0
					-1	0	0
					0	0	1
					0.783108	0	0
				}
			}
		}
		{bone "ik_chain05"
			{Position -0.156063	-5.80921	18.2262}
		}
		{bone "ik_chain03"
			{Matrix34
				1	0	0
				0	-1	0
				0	0	1
				-0.414133	2.53715	1.86587
			}
		}
		{bone "ik_chain04"
			{Matrix34
				1	0	0
				0	-1	0
				0	0	1
				3.29347	3.4301	0.0514984
			}
		}
		{bone "ik_chain02"
			{Position 3.29347	-3.36689	0.0514994}
		}
		{bone "ik_chain01"
			{Position -0.414133	-2.34785	1.86587}
		}
		{bone "ik_chain06"
			{Position 0.240946	5.80709	18.4566}
		}
		{bone revolute "foresight2rot"
			{limits -20 20}
			{speed 0.1}
			{Position 13.7429	0.0246876	27.5947}
		}
		{bone "palm_ik_holder_right02"
			{Matrix34
				0.207444	-0.0586189	-0.976489
				0.845388	0.51301	0.148797
				0.492226	-0.856379	0.155976
				-1.23315	-5.50485	23.2963
			}
			{bone "palm_ik_holder_right01"
				{Matrix34
					0.00333603	-0.999958	0.00855827
					-0.999992	-0.00331794	0.00210765
					-0.00207916	-0.00856499	-0.999961
					5.19224	0	0
				}
				{bone "palm_ik_holder_right"
					{Matrix34
						-0.987462	-0.121604	-0.100652
						-0.0703697	-0.231656	0.970249
						-0.141302	0.965167	0.220194
						0.119854	-0.164877	0.14873
					}
					{bone "ik_chain07"
						{Matrix34
							0.999956	0.00324044	-0.00886299
							2.75199e-005	0.938188	0.346125
							0.0094367	-0.346109	0.938147
							0.138651	1.07072	-1.80207
						}
					}
				}
			}
		}
		{bone "palm_ik_holder_left02"
			{Matrix34
				0.321755	0.0116998	-0.946751
				0.812613	-0.516601	0.269784
				-0.485936	-0.856146	-0.175727
				-1.42967	5.74633	23.3723
			}
			{bone "palm_ik_holder_left01"
				{Matrix34
					0.00130197	-0.999931	0.0116375
					-0.999999	-0.00131389	-0.00103846
					0.00105338	-0.0116363	-0.999932
					5.25744	-0.000658035	-0.00162125
				}
				{bone "palm_ik_holder_left"
					{Matrix34
						0.965404	0.249251	-0.0766088
						-0.0261247	-0.199862	-0.979476
						-0.259447	0.947592	-0.186435
						0.0856133	-0.338799	-0.0894642
					}
					{bone "ik_chain08"
						{Matrix34
							0.999967	-0.00286289	0.00758426
							0.000204188	0.944171	0.329455
							-0.00810447	-0.329442	0.944141
							-0.0736463	1.03671	-1.8188
						}
					}
				}
			}
		}
		{bone "skin"
			{Matrix34
				0.0122616	0.999925	0.000373251
				-0.996651	0.0110821	-0.0810243
				-0.0810213	0.000519562	0.996712
				80.7455	3.6237	29.3888
			}
			{bone "skins"
				{Position    0  0   0}
				{VolumeView "skin.ply"}
			}
			{bone "skind"
				{Position    0  0   0}
				{VolumeView "skin.ply"}
				{visibility 0}
			}
			{bone "skinw"
				{Position    0  0   0}
				{VolumeView "skin.ply"}
				{visibility 0}
			}
		}
	}
}
