;MDL File generated by SOEdit
;Model created by: Zeke Wolff
;PLY Geometry by: Zeke Wolff
;VOL Geometry by: Zeke Wolff
{Skeleton
    {Animation
        {sequence "close"}
    }
    {bone revolute "basis"
        {limits -180.0000 180.0000}
        {speed 0.0100}
        {Orientation
            1.0000 0.0000 0.0000
            0.0000 -1.0000 0.0000
            0.0000 0.0000 1.0000
        }
        {bone "body"
            {parameters "CommonMesh;"}
            {Matrix34
                0.0000 1.0000 0.0000
                -1.0000 0.0000 0.0000
                0.0000 0.0000 1.0000
                0.0000 -0.9000 5.0000
            }
            {VolumeView "body.ply"}
            {bone revolute "gun"
                {parameters "CommonMesh;"}
                {limits -30.0000 60.0000}
                {Matrix34
                    0.0063 0.0000 1.0000
                    0.0000 1.0000 0.0000
                    -1.0000 0.0000 0.0063
                    0.0000 -0.1800 5.0592
                }
                {VolumeView "gun.ply"}
                {bone "foresight"
                    {Matrix34
                        0.8068 -0.5906 0.0158
                        0.5905 0.8070 0.0115
                        -0.0195 -0.0000 0.9998
                        10.4948 -8.1447 -0.2645
                    }
                }
            }
            {bone "handle1"
                {Matrix34
                    0.0000 0.0000 1.0000
                    0.9848 0.1736 0.0000
                    -0.1736 0.9848 0.0000
                    12.0880 12.3067 0.1621
                }
            }
            {bone "handle2"
                {Matrix34
                    0.0000 0.0000 -1.0000
                    -0.9848 -0.1736 0.0000
                    -0.1736 0.9848 0.0000
                    -8.5627 12.1322 0.2470
                }
            }
        }
        {bone "commander"
            {Matrix34
                0.7046 0.7096 0.0000
                -0.7096 0.7046 0.0000
                0.0000 0.0000 1.0000
                -1.9483 -17.6725 0.0000
            }
        }
        {bone "driver1"
            {Position 2.8453 -4.8844 0.0000}
        }
        {bone "driver2"
            {Position -30.8804 -0.6611 0.0000}
        }
        {bone "emit1"
            {parameters "Group=crew;"}
            {Position 13.3593 18.3529 0.0000}
            {visibility 0}
        }
        {bone "emit2"
            {parameters "Group=crew;"}
            {Position -19.3573 -12.6928 0.4289}
            {visibility 0}
        }
        {bone "gunner"
            {Matrix34
                0.9106 0.0000 -0.4134
                0.0000 1.0000 0.0000
                0.4134 0.0000 0.9106
                -19.2969 -0.4000 4.0122
            }
        }
        {bone "support1"
            {Matrix34
                1.0000 0.0000 0.0070
                0.0000 1.0000 0.0000
                -0.0070 0.0000 1.0000
                -21.2735 -0.4000 0.4616
            }
        }
        {bone "support2"
            {Position 4.1234 5.1158 0.0000}
        }
        {bone "support3"
            {Position 4.4749 -6.2379 0.0700}
        }
        {bone "visor"
            {Matrix34
                0.9996 0.0000 -0.0296
                -0.0000 1.0000 0.0000
                0.0296 0.0000 0.9996
                6.5467 0.2920 14.9657
            }
        }
        {bone "visor2"
            {Matrix34
                0.9996 0.0000 -0.0296
                -0.0000 1.0000 0.0000
                0.0296 0.0000 0.9996
                12.8870 -6.6197 14.8876
            }
        }
    }
}
{Volume "body"
    {Cylinder 7.62659 5.00000}
    {Bone "body"}
    {Matrix34
        1.0000 0.0000 0.0000
        0.0000 0.9998 0.0000
        0.0000 0.0000 1.6905
        -0.5600 0.0000 -0.7100
    }
}
{Volume "gun"
    {Cylinder 1.18918 30.60000}
    {Bone "gun"}
    {Matrix34
        0.5840 0.7805 0.0162
        -0.0002 0.0208 -0.9939
        -0.4485 0.3354 0.0071
        0.1811 -0.7456 -0.0157
    }
}
