;Exported by: Normand
;Date:        Wed Sep 11 01:03:47 2013
;File:        C:\Users\Normand\t-26_1933_xx.max
{Skeleton
	{bone "basis"
		{Orientation
			1	0	0
			0	-1	0
			0	0	1
		}
		{bone "body"
			{parameters "ID=body;"}
			{Matrix34
				1	0	0
				0	0.999914	0.0130896
				0	-0.0130896	0.999914
				-0.181608	0	16.1614
			}
			{VolumeView "body.ply"}
			{bone "body_top"
				{parameters "ID=body;"}
				{VolumeView "body_top.ply"}
			}
			{bone revolute "turret"
				{parameters "ID=turret;"}
				{speed 0.01}
				{Matrix34
					0.999748	0	-0.0224463
					0.000437537	0.99981	0.0194877
					0.022442	-0.0194926	0.999558
					1.7327	3.68316	13.5985
				}
				{VolumeView "turret.ply"}
				{bone revolute "gun_rot"
					{parameters "ID=gun;"}
					{Matrix34
						1	0	0
						0	0	1
						0	-1	0
						10.4165	-1.69236	7.31524
					}
					{VolumeView "gun_rot.ply"}
					{bone "gun"
						{parameters "ID=gun;"}
						{Matrix34
							1	0	0
							0	0	-1
							0	1	0
							7.26789	-1.10321	-1.6929
						}
						{VolumeView "gun.ply"}
					}
				}
				{bone "cover2"
					{parameters "ID=turret;"}
					{Matrix34
						-0.265556	0	-0.964095
						0	1	0
						0.964095	0	-0.265556
						5.27855	-2.37383	13.4244
					}
					{VolumeView "cover2.ply"}
				}
				{bone "cover1"
					{parameters "ID=turret;"}
					{Position -8.00856	-2.37383	13.4536}
					{VolumeView "cover1.ply"}
				}
			}
			{bone revolute "wheell11"
				{parameters "ID=trackleft;"}
				{Matrix34
					1	0	0
					0	0	-1
					0	1	0
					25.2418	20.3927	1.46721
				}
				{VolumeView "wheell11.ply"}
			}
			{bone revolute "wheell12"
				{parameters "ID=trackleft;"}
				{Matrix34
					0.891303	0	0.453408
					0.453408	0	-0.891303
					0	1	0
					9.59318	20.3927	0.625149
				}
				{VolumeView "wheell12.ply"}
			}
			{bone revolute "wheell13"
				{parameters "ID=trackleft;"}
				{Matrix34
					0.949879	0	-0.312617
					-0.312617	0	-0.949879
					0	1	0
					-5.72779	20.3927	-0.27756
				}
				{VolumeView "wheell13.ply"}
			}
			{bone revolute "wheell14"
				{parameters "ID=trackleft;"}
				{Matrix34
					0.949726	0	0.313082
					0.313082	0	-0.949726
					0	1	0
					-21.8093	20.3927	-1.21914
				}
				{VolumeView "wheell14.ply"}
			}
			{bone revolute "wheelr11"
				{parameters "ID=trackright;"}
				{Matrix34
					0.812236	0	0.58333
					0.58333	0	-0.812236
					0	1	0
					25.2418	-20.3927	1.46722
				}
				{VolumeView "wheelr11.ply"}
			}
			{bone revolute "wheelr12"
				{parameters "ID=trackright;"}
				{Matrix34
					0.719769	0	0.694213
					0.694213	0	-0.719769
					0	1	0
					9.59318	-20.3927	0.625156
				}
				{VolumeView "wheelr12.ply"}
			}
			{bone revolute "wheelr13"
				{parameters "ID=trackright;"}
				{Matrix34
					0.856711	0	-0.515797
					-0.515797	0	-0.856711
					0	1	0
					-5.72779	-20.3927	-0.277551
				}
				{VolumeView "wheelr13.ply"}
			}
			{bone revolute "wheelr14"
				{parameters "ID=trackright;"}
				{Matrix34
					1	0	0
					0	0	-1
					0	1	0
					-21.8093	-20.3927	-1.21912
				}
				{VolumeView "wheelr14.ply"}
			}
			{bone revolute "wheelr10"
				{parameters "ID=trackright;Radius=0.5;"}
				{Matrix34
					1	0	0
					0	0	-1
					0	1	0
					-36.4702	-20.3365	-5.70276
				}
				{VolumeView "wheelr10.ply"}
			}
			{bone revolute "part2"
				{parameters "ID=trackright;Radius=0.5;"}
				{Matrix34
					1	0	0
					0	0	-1
					0	1	0
					37.8354	-20.231	-1.38888
				}
				{VolumeView "part2.ply"}
			}
			{bone revolute "wheell01"
				{parameters "ID=trackleft;Radius=0.5;"}
				{Matrix34
					1	0	0
					0	0	-1
					0	1	0
					37.8354	20.231	-1.38889
				}
				{VolumeView "wheell01.ply"}
			}
			{bone revolute "wheell10"
				{parameters "ID=trackleft;Radius=0.5;"}
				{Matrix34
					1	0	0
					0	0	-1
					0	1	0
					-36.4702	20.3364	-5.70277
				}
				{VolumeView "wheell10.ply"}
			}
			{bone "engine"
				{parameters "ID=engine;"}
				{Position -25.9326	-0.00978088	5.34899}
				{VolumeView "engine.ply"}
				{bone "engine_hatch"
					{parameters "ID=engine;"}
					{Matrix34
						0.978014	0.0424826	0.204168
						-0.203758	-0.0138053	0.978924
						0.0444059	-0.999002	-0.00484557
						-0.275164	0	-0.659954
					}
					{VolumeView "engine_hatch.ply"}
				}
				{bone "part4"
					{parameters "ID=engine;"}
					{Position 0	0	0}
					{VolumeView "part4.ply"}
				}
			}
			{bone "door_driver"
				{parameters "ID=body;"}
				{Matrix34
					-0.987004	0	0.160698
					-0.160696	-0.0052705	-0.98699
					0.000846958	-0.999986	0.005202
					14.3747	-10.3221	13.6761
				}
				{VolumeView "door_driver.ply"}
			}
			{bone "chassis"
				{parameters "ID=body;"}
				{Position 0	0	0}
				{VolumeView "chassis.ply"}
			}
			{bone "part1"
				{parameters "ID=trackright;"}
				{Matrix34
					1	0	0
					0	0.0130896	0.999914
					0	-0.999914	0.0130896
					0.452807	-20.061	-2.27414
				}
				{VolumeView "part1.ply"}
			}
			{bone "part3"
				{parameters "ID=body;"}
				{Position 0	0	0}
				{VolumeView "part3.ply"}
			}
		}
		{bone "wheelsr"
			{Position 1.43354	-20.1707	0}
			{bone revolute "wheelr02"
				{parameters "ID=trackright;"}
				{Matrix34
					1	0	0
					0	0	-1
					0	1	0
					27.3161	-0.0795097	3.62205
				}
				{VolumeView "wheelr02.ply"}
			}
			{bone revolute "wheelr03"
				{parameters "ID=trackright;"}
				{Matrix34
					1	0	0
					0	0	-1
					0	1	0
					19.2889	-0.0795059	3.62205
				}
				{VolumeView "wheelr03.ply"}
			}
			{bone revolute "wheelr04"
				{parameters "ID=trackright;"}
				{Matrix34
					1	0	0
					0	0	-1
					0	1	0
					11.4929	-0.0795097	3.62204
				}
				{VolumeView "wheelr04.ply"}
			}
			{bone revolute "wheelr05"
				{parameters "ID=trackright;"}
				{Matrix34
					1	0	0
					0	0	-1
					0	1	0
					3.46562	-0.0795059	3.62203
				}
				{VolumeView "wheelr05.ply"}
			}
			{bone revolute "wheelr06"
				{parameters "ID=trackright;"}
				{Matrix34
					1	0	0
					0	0	-1
					0	1	0
					-3.67613	-0.0795097	3.62202
				}
				{VolumeView "wheelr06.ply"}
			}
			{bone revolute "wheelr07"
				{parameters "ID=trackright;"}
				{Matrix34
					1	0	0
					0	0	-1
					0	1	0
					-11.7034	-0.0795097	3.62202
				}
				{VolumeView "wheelr07.ply"}
			}
			{bone revolute "wheelr08"
				{parameters "ID=trackright;"}
				{Matrix34
					1	0	0
					0	0	-1
					0	1	0
					-19.4994	-0.0795097	3.62202
				}
				{VolumeView "wheelr08.ply"}
			}
			{bone revolute "wheelr09"
				{parameters "ID=trackright;"}
				{Matrix34
					1	0	0
					0	0	-1
					0	1	0
					-27.5266	-0.0795174	3.62202
				}
				{VolumeView "wheelr09.ply"}
			}
			{bone "trackr"
				{parameters "ID=trackright;"}
				{Matrix34
					1	0	0
					0	0	1
					0	-1	0
					-1.16234	0.15099	13.3686
				}
				{VolumeView "trackr.ply"}
			}
		}
		{bone "wheelsl"
			{Position 1.43354	20.1772	0}
			{bone revolute "wheell02"
				{parameters "ID=trackleft;"}
				{Matrix34
					1	0	0
					0	0	-1
					0	1	0
					27.3161	0.0925903	3.62204
				}
				{VolumeView "wheell02.ply"}
			}
			{bone revolute "wheell03"
				{parameters "ID=trackleft;"}
				{Matrix34
					1	0	0
					0	0	-1
					0	1	0
					19.2889	0.0925865	3.62203
				}
				{VolumeView "wheell03.ply"}
			}
			{bone revolute "wheell04"
				{parameters "ID=trackleft;"}
				{Matrix34
					1	0	0
					0	0	-1
					0	1	0
					11.4928	0.0925865	3.62203
				}
				{VolumeView "wheell04.ply"}
			}
			{bone revolute "wheell05"
				{parameters "ID=trackleft;"}
				{Matrix34
					1	0	0
					0	0	-1
					0	1	0
					3.46561	0.0925789	3.62202
				}
				{VolumeView "wheell05.ply"}
			}
			{bone revolute "wheell06"
				{parameters "ID=trackleft;"}
				{Matrix34
					1	0	0
					0	0	-1
					0	1	0
					-3.67613	0.0925789	3.62201
				}
				{VolumeView "wheell06.ply"}
			}
			{bone revolute "wheell07"
				{parameters "ID=trackleft;"}
				{Matrix34
					1	0	0
					0	0	-1
					0	1	0
					-11.7034	0.0925789	3.62201
				}
				{VolumeView "wheell07.ply"}
			}
			{bone revolute "wheell08"
				{parameters "ID=trackleft;"}
				{Matrix34
					1	0	0
					0	0	-1
					0	1	0
					-19.4994	0.0925789	3.62201
				}
				{VolumeView "wheell08.ply"}
			}
			{bone revolute "wheell09"
				{parameters "ID=trackleft;"}
				{Matrix34
					1	0	0
					0	0	-1
					0	1	0
					-27.5266	0.0925827	3.62201
				}
				{VolumeView "wheell09.ply"}
			}
			{bone "trackl"
				{parameters "ID=trackleft;"}
				{Matrix34
					1	0	0
					0	0	1
					0	-1	0
					-1.16234	-0.153385	13.3686
				}
				{VolumeView "trackl.ply"}
			}
		}
	}
}
{Obstacle "body"
	{Obb2
		{Center 0.0704975 0.060874}
		{Extent 40.326 16.8923}
		{Axis 1 0}
	}
	{Rotate}
}
{Obstacle "trackleft"
	{Obb2
		{Center -0.124443 -19.9016}
		{Extent 43.8211 3.07434}
		{Axis 1 0}
	}
	{Rotate}
}
{Obstacle "trackright"
	{Obb2
		{Center -0.124443 19.9021}
		{Extent 43.8211 3.07434}
		{Axis 1 0}
	}
	{Rotate}
}
{Volume "body1"
	{Polyhedron "body1.vol"}
	{Bone "body"}
	{Position 1.58095	-0.168649	10.3885}
}
{Volume "body"
	{Polyhedron "body.vol"}
	{Bone "body"}
	{Position 0.252104	-0.0704353	-0.729959}
}
{Volume "engine"
	{Box 22.3599 11.6631 31.561}
	{Bone "engine"}
	{Matrix34
		1	0	0
		0	0	1
		0	-1	0
		5.27067	-0.0124607	-7.09762
	}
}
{Volume "gun_rot"
	{Box 7.43168 2.63967 5.31995}
	{Bone "gun_rot"}
	{Matrix34
		1	0	0
		0	0	-1
		0	1	0
		5.89029	0.141307	-1.80866
	}
}
{Volume "gun"
	{Cylinder 0.590551 4.92126}
	{Bone "gun"}
	{Matrix34
		0	1	0
		0	0	1
		1	0	0
		0.693159	-0.0153743	0.063027
	}
}
{Volume "part1"
	{Box 27.7464 5.60604 0.984252}
	{Bone "part1"}
	{Matrix34
		1	0	0
		0	0	-1
		0	1	0
		43.8816	-12.859	-0.0173074
	}
}
{Volume "part2"
	{Box 13.189 13.189 4.92126}
	{Bone "part2"}
	{Matrix34
		1	0	0
		0	-0.999914	0.0130894
		0	-0.0130894	-0.999914
		0.182442	0.0481426	0.186265
	}
}
{Volume "part3"
	{Box 91.116 6.10278 2.41273}
	{Bone "part3"}
	{Matrix34
		0.997982	0.000831048	0.0634839
		0	0.999914	-0.0130895
		-0.0634894	0.0130631	0.997897
		-0.8544	-19.8849	4.36268
	}
}
{Volume "part4"
	{Box 3.93701 30.1329 3.93701}
	{Bone "part4"}
	{Matrix34
		0.993711	0.00146573	0.111967
		0	0.999914	-0.0130894
		-0.111977	0.0130071	0.993626
		-16.1448	0.403363	-2.51202
	}
}
{Volume "trackleft"
	{Polyhedron "trackleft.vol"}
	{Bone "wheelsl"}
	{Matrix34
		1	0	0
		0	0	1
		0	-1	0
		-1.55798	-0.275593	10.8107
	}
}
{Volume "trackright"
	{Polyhedron "trackright.vol"}
	{Bone "wheelsr"}
	{Matrix34
		1	0	0
		0	0	1
		0	-1	0
		-1.55798	0.268536	10.8107
	}
}
{Volume "turret"
	{Polyhedron "turret.vol"}
	{Bone "turret"}
	{Position -0.121764	-0.0986347	6.69665}
}
