;Exported by: Kislov_A
;Date:        Tue Mar 24 16:47:26 2009
;File:        E:\Black\Design doc\Art\Models\Technics\Tanks\B1-bis\B-1_bis\B_1_Xx.max
{Skeleton
	{bone "basis"
		{Orientation
			1	0	0
			0	-1	0
			0	0	1
		}
		{bone "body"
			{parameters "ID=body;"}
			{Matrix34
				-0.999848	-0.00121742	-0.0174098
				0.000609088	-0.99939	0.0349046
				-0.0174417	0.0348887	0.999239
				0	0	-0.924767
			}
			{VolumeView "body.ply"}

			{bone "door_01"
				{parameters "Id=Body;"}
				{Position -20.1383	23.5709	19.9079}
				{VolumeView "door_01.ply"}
			}
			{bone "anten"
				{parameters "ID=body;"}
				{Position 24.75	-9.99963	38.6857}
				{VolumeView "anten.ply"}
			}
			{bone revolute "wheelr1"
				{parameters "ID=trackRight;"}
				{Matrix34
					0.999848	-0.000608741	0.0174417
					-0.0174098	0.0349042	0.999239
					-0.00121706	-0.99939	0.0348883
					-56.1989	19.2417	13.8435
				}
				{VolumeView "wheelr1.ply"}
			}
			{bone revolute "wheelr2"
				{parameters "ID=trackRight;"}
				{Matrix34
					0.999848	-0.000608741	0.0174417
					-0.0174098	0.0349042	0.999239
					-0.00121706	-0.99939	0.0348883
					49.7179	19.0112	14.8152
				}
				{VolumeView "wheelr2.ply"}
			}
			{bone revolute "wheell1"
				{parameters "ID=trackleft;"}
				{Matrix34
					0.999848	-0.000608741	0.0174417
					0.0174098	-0.0349052	-0.999239
					0.00121708	0.99939	-0.0348893
					-56.245	-18.6039	15.1647
				}
				{VolumeView "wheell1.ply"}
			}
			{bone revolute "wheell2"
				{parameters "ID=trackleft;"}
				{Matrix34
					0.999848	-0.000608741	0.0174417
					0.0174098	-0.0349052	-0.999239
					0.00121708	0.99939	-0.0348893
					49.6718	-18.8345	16.1364
				}
				{VolumeView "wheell2.ply"}
			}
			{bone "engine"
				{Position 33.1634	-1.23846	28.4325}
				{VolumeView "engine.ply"}
			}
			{bone revolute "gun2"
				{parameters "ID=gun2;"}
				{Matrix34
					-0.999848	0.000608829	-0.0174417
					-0.0174098	0.0349045	0.999239
					0.00121716	0.99939	-0.0348886
					-49.3313	5.24423	21.204
				}
				{VolumeView "gun2.ply"}
			}
		}
		{bone "wheelsr"
			{parameters "id=trackright;"}
			{Orientation
				0	1	0
				0	0	1
				1	0	0
			}
			{bone "trackr"
				{parameters "ID=trackRight;"}
				{Matrix34
					0	0	-1
					1	0	0
					0	1	0
					-18.6062	16.4888	2.79928
				}
				{VolumeView "trackr.ply"}
			}
		}
		{bone "wheelsl"
			{parameters "id=trackleft;"}
			{Orientation
				0	1	0
				0	0	1
				1	0	0
			}
			{bone "trackl"
				{parameters "Id=trackLeft;"}
				{Matrix34
					0	0	-1
					1	0	0
					0	1	0
					19.5494	16.4888	2.79928
				}
				{VolumeView "trackl.ply"}
			}
		}
	}
}
{Volume "body"
	{Polyhedron "body.vol"}
	{Bone "body"}
	{Position -2.51807	-0.939514	17.3625}
}
{Volume "gun2"
	{Cylinder 1.77989 11.4848}
	{Bone "gun2"}
	{Matrix34
		0	-1	0
		0	0	-1
		1	0	0
		7.83401	0.201819	-0.00349574
	}
}

{Volume "trackleft"
	{Polyhedron "trackleft.vol"}
	{Bone "wheelsl"}
	{Matrix34
		0	0	-1
		-1	0	0
		0	1	0
		19.5902	0	1.32729
	}
}
{Volume "trackright"
	{Polyhedron "trackright.vol"}
	{Bone "wheelsr"}
	{Matrix34
		0	0	-1
		-1	0	0
		0	1	0
		-18.5598	0	1.32729
	}
}

