;Exported by: Admin
;Date:        Sun Jul 01 11:45:49 2018
;File:        C:\Users\Admin\Documents\3dsmax\scenes\eng_cmnd_rifleman_02.max
{Skeleton
	{bone revolute "basis"
		{limits -30 30}
		{speed 0.1}
		{Orientation
			1	0	0
			0	-1	0
			0	0	1
		}
		{bone "body"
			{Matrix34
				0	0	1
				0	-1	0
				1	0	0
				0	0.0344553	19.9224
			}
			{bone "foot1l"
				{Matrix34
					-0.992678	-0.0810946	0.089523
					0.0889993	0.0100566	0.995981
					0.081669	-0.996656	0.00276563
					-0.143509	-2.13095	-0.488995
				}
				{bone "foot2l"
					{Matrix34
						0.965519	-0.260334	-0.000191726
						0.260334	0.965519	-7.2021e-005
						0.000203855	1.96211e-005	1
						9.37838	-0.0471724	0
					}
					{bone "bone06"
						{Matrix34
							0.22138	0.973964	0.0488402
							-0.972284	0.216582	0.0880678
							0.0751968	-0.066983	0.994916
							8.74023	0.113252	0.00567913
						}
					}
					{bone "foot3l"
						{Matrix34
							0.106408	0.99298	-0.0516622
							0.0841353	0.0427792	0.995536
							0.990757	-0.11028	-0.0789927
							9.2003	-0.34629	-0.0729969
						}
						{bone "bone07"
							{Position 2.60015	0	0}
						}
					}
				}
			}
			{bone "foot1r"
				{Matrix34
					-0.9928	0.0762209	0.0924044
					0.0919331	-0.00967731	0.995718
					0.0767888	0.997044	0.00260042
					-0.143518	2.17103	-0.488755
				}
				{bone "foot2r"
					{Matrix34
						0.963926	-0.266169	-0.000180736
						0.266169	0.963926	-6.79549e-005
						0.000192143	1.74143e-005	1
						9.37831	-0.0472323	0
					}
					{bone "bone03"
						{Matrix34
							0.22138	0.973964	0.0488401
							-0.972284	0.216582	0.0880678
							0.0751967	-0.066983	0.994916
							8.74024	0.113252	0.00567818
						}
					}
					{bone "foot3r"
						{Matrix34
							0.104647	0.99372	-0.0396263
							-0.0780552	-0.0315153	-0.996451
							-0.991442	0.107368	0.0742672
							9.2003	-0.346289	-0.0729976
						}
						{bone "bone05"
							{Position 2.60015	0	0}
						}
					}
				}
			}
			{bone revolute "ik_leftright"
				{limits -20 20}
				{speed 0.1}
				{Matrix34
					0	0	1
					0	-1	0
					1	0	0
					1.90368	0.0344548	0
				}
				{bone revolute "ik_updown"
					{limits -40 20}
					{speed 0.1}
					{Matrix34
						1	0	0
						0	0	1
						0	-1	0
						0	0	1.66801
					}
					{bone "head"
						{Matrix34
							1	0	0
							0	0	-1
							0	1	0
							0	7.21458	0
						}
						{bone "visor"
							{Matrix34
								1	0	0
								0	1	0
								0	0	1
								2.31916	0	2.33291
							}
						}
					}
					{bone "gun_back"
						{Matrix34
							0.00647819	0.996052	0.0885294
							-0.106389	0.0887153	-0.990359
							-0.994304	-0.00300284	0.106544
							-4.16774	-4.2536	2.42593
						}
					}
					{bone "clavicle_right"
						{Position -0.13918	6.12487	1.17254}
						{bone "hand1r"
							{Matrix34
								0.0243796	-0.0539206	0.998248
								0.993239	-0.112057	-0.0303101
								0.113495	0.992238	0.0508242
								-0.985447	-0.225973	2.95336
							}
							{bone "hand2r"
								{Matrix34
									0.999998	-0.00213748	0
									0.00213748	0.999998	0
									0	0	1
									6.26812	0	0
								}
								{bone "hand3r"
									{Matrix34
										0.982611	-0.185677	0
										0.185677	0.982611	0
										0	0	1
										5.19218	0	0
									}
								}
								{bone "right_hand"
									{Matrix34
										0.997179	0.0750608	0.000306629
										-0.0690711	0.915993	0.395204
										0.0293835	-0.394111	0.918593
										6.26417	1.39943	0.337044
									}
								}
								{bone "hand_rot1r"
									{Matrix34
										0.0033328	-0.999958	0.00855665
										-0.999992	-0.00331489	0.00210673
										-0.00207829	-0.00856379	-0.999961
										5.19225	0	0
									}
									{bone "palm1r"
										{Matrix34
											-0.987462	-0.121604	-0.100652
											-0.0703694	-0.231655	0.970249
											-0.141303	0.965168	0.220194
											0.12139	-0.163002	0.149548
										}
										{bone "palm2r"
											{Matrix34
												-0.00749032	0.507056	-0.86188
												0.00229657	0.861911	0.507054
												0.999969	0.00181841	-0.00762024
												0.146145	0.242287	-1.25751
											}
											{bone "palm3r"
												{Matrix34
													0.576833	0.816862	0
													-0.816862	0.576832	0
													0	0	1
													0.581881	-0.000114441	0
												}
											}
										}
									}
								}
							}
						}
					}
					{bone "clavicle_left"
						{Position -0.13918	6.12487	-1.18112}
						{bone "hand1l"
							{Matrix34
								0.0292907	-0.046602	-0.998484
								0.999336	0.0229967	0.0282424
								0.0216456	-0.998649	0.0472447
								-0.729425	-0.225973	-2.95274
							}
							{bone "hand2l"
								{Matrix34
									0.999998	-0.00213475	0
									0.00213476	0.999998	0
									0	0	1
									6.26813	0	0
								}
								{bone "hand3l"
									{Matrix34
										0.982611	-0.185677	0
										0.185677	0.982611	0
										0	0	1
										5.19218	0	0
									}
								}
								{bone "left_hand"
									{Matrix34
										0.275671	0.823504	-0.495829
										0.00418884	-0.51684	-0.856072
										-0.961243	0.233918	-0.145928
										5.99778	-0.667302	0.409924
									}
								}
								{bone "hand_rot1l"
									{Matrix34
										0.00130341	-0.999931	0.0116399
										-0.999999	-0.0013156	-0.00103796
										0.00105311	-0.0116383	-0.999932
										5.25744	-0.000656307	-0.00162697
									}
									{bone "palm1l"
										{Matrix34
											0.965404	0.249251	-0.0766093
											-0.0261249	-0.199861	-0.979476
											-0.259446	0.947591	-0.186435
											0.0886894	-0.337658	-0.0916119
										}
										{bone "palm2l"
											{Matrix34
												-0.00576761	0.491352	-0.870942
												-0.00434887	-0.870961	-0.491333
												-0.999974	0.000953555	0.00716021
												-0.0738373	0.242491	-1.26343
											}
											{bone "palm3l"
												{Matrix34
													0.578448	-0.815719	0
													0.815719	0.578449	0
													0	0	1
													0.578554	0.000164032	0
												}
											}
										}
									}
								}
							}
						}
					}
				}
			}
			{bone revolute "placement"
				{Matrix34
					0	1	0
					-1	0	0
					0	0	1
					0.783108	0	0
				}
			}
		}
		{bone revolute "foresight2rot"
			{limits -20 20}
			{speed 0.1}
			{Position 13.7429	0.0246876	27.5947}
		}
		{bone "skin"
			{Matrix34
				0	1	0
				-1	0	0
				0	0	1
				0.574674	0.011625	0.414425
			}
			{VolumeView "skin.ply"}
		}
	}
}
