;Exported by: Георгий
;Date:        Tue Dec 14 13:16:25 2010
;File:        C:\Users\Георгий\Desktop\gaz-mm\gaz-aaa\xx\gaz_aaa_xx.max
{Skeleton
	{bone "basis"
		{Orientation
			1	0	0
			0	-1	0
			0	0	1
		}
		{bone "body"
			{parameters "ID=body;"}
			{Matrix34
				0	-1	0
				1	0	0
				0	0	1
				-6.97348	0.126385	14.4702
			}
			{VolumeView "body.ply"}
			{bone "cabin"
				{parameters "ID=cabin;"}
				{Position -1.49691	17.3478	11.215}
				{VolumeView "cabin.ply"}
				{bone "part1"
					{parameters "ID=cabin;"}
					{Position -11.4281	2.1997	-1.428}
					{VolumeView "part1.ply"}
				}
				{bone "part2"
					{parameters "ID=cabin;"}
					{Position 12.7583	1.8519	-1.28259}
					{VolumeView "part2.ply"}
				}
			}
			{bone "body_back"
				{Matrix34
					0	1	0
					-1	0	0
					0	0	1
					0.147392	-33.1583	-2.0653
				}
				{VolumeView "body_back.ply"}
				{bone revolute "turret"
					{parameters "ID=turret;"}
					{limits -150 150}
					{Matrix34
						0.999165	-0.00280688	0.0407573
						0.00163614	0.999586	0.0287297
						-0.0408211	-0.028639	0.998756
						4.47617	-0.142474	16.7461
					}
					{VolumeView "turret.ply"}
					{bone "shield"
						{parameters "ID=turret;"}
						{Matrix34
							0.991424	-0.0278366	0.127686
							0.0217011	0.998554	0.0491934
							-0.12887	-0.0460006	0.990594
							-1.07451	0.290471	0.340298
						}
						{VolumeView "shield.ply"}
					}
					{bone revolute "gun_rot"
						{parameters "ID=gun;"}
						{limits -6 20}
						{Matrix34
							-0.993278	0.115478	0.00799123
							0	-0.069038	0.997614
							0.115754	0.990908	0.0685739
							-1.21236	-0.238877	2.29069
						}
						{VolumeView "gun_rot.ply"}
						{bone "gun"
							{parameters "ID=gun;"}
							{Matrix34
								1	0	0
								0	0	-1
								0	1	0
								-16.848	4.94642	0.544955
							}
							{VolumeView "gun.ply"}
						}
					}
				}
			}
			{bone "engine"
				{parameters "ID=engine;"}
				{Position -1.04181	35.8935	4.44475}
				{VolumeView "engine.ply"}
				{bone "fxfire1"
					{Matrix34
						0	-0.00755796	0.999971
						-3.07295e-005	-0.999971	-0.00755796
						1	-3.0734e-005	0
						0.939101	-0.817595	4.20802
					}
				}
				{bone "part3"
					{Matrix34
						0.766044	0	0.642787
						0	1	0
						-0.642787	0	0.766044
						-0.273586	-1.59951	6.72938
					}
					{VolumeView "part3.ply"}
				}
			}
		}
		{bone "pivot_back"
			{parameters "ID=body;"}
			{Matrix34
				0	-1	0
				1	0	0
				0	0	1
				-13.0331	-0.363103	8.70721
			}
			{VolumeView "pivot_back.ply"}
			{bone "wheelr3"
				{parameters "ID=wheelright2;"}
				{Matrix34
					0	0	1
					0	1	0
					-1	0	0
					17.876	-25.5039	0.644469
				}
				{VolumeView "wheelr3.ply"}
			}
			{bone "wheell3"
				{parameters "ID=wheelleft2;"}
				{Matrix34
					0	0	1
					0	1	0
					-1	0	0
					-17.8741	-22.6833	0.302704
				}
				{VolumeView "wheell3.ply"}
			}
			{bone "wheelr2"
				{parameters "ID=wheelright2;"}
				{Matrix34
					0	0	1
					0	1	0
					-1	0	0
					17.876	-8.26377	2.20419
				}
				{VolumeView "wheelr2.ply"}
			}
			{bone "wheell2"
				{parameters "ID=wheelleft2;"}
				{Matrix34
					0	0	1
					0	1	0
					-1	0	0
					-17.9047	-5.19465	-0.90094
				}
				{VolumeView "wheell2.ply"}
			}
		}
		{bone "pivot_front"
			{parameters "ID=body;"}
			{Matrix34
				0	-1	0
				1	0	0
				0	0	1
				34.3495	-0.352804	6.84511
			}
			{VolumeView "pivot_front.ply"}
			{bone "steer_l1"
				{Matrix34
					-1	0	0
					0	1	0
					0	0	-1
					-16.6093	0.992203	0.475294
				}
				{VolumeView "steer_l1.ply"}
				{bone "wheell1"
					{parameters "ID=wheell1;"}
					{Matrix34
						0	0	-1
						0	1	0
						1	0	0
						0	-8.01086e-005	0
					}
					{VolumeView "wheell1.ply"}
				}
			}
			{bone "steer_r1"
				{Matrix34
					-1	0	0
					0	1	0
					0	0	-1
					15.7868	1.0974	1.71021
				}
				{VolumeView "steer_r1.ply"}
				{bone "wheelr1"
					{parameters "ID=wheelright1;"}
					{Matrix34
						0	0	-1
						0	1	0
						1	0	0
						0	0	0
					}
					{VolumeView "wheelr1.ply"}
				}
			}
		}
	}
}
{Volume "body"
	{Polyhedron "body.vol"}
	{Bone "body"}
	{Matrix34
		0.00167799	0.999815	-0.019185
		-0.996195	0	-0.0871558
		-0.0871397	0.0192582	0.99601
		0.305943	-4.38924	-1.19741
	}
}
{Volume "bodyback"
	{Box 43 22 7.5}
	{Bone "body_back"}
	{Position -0.0572968	-0.0776671	3.61012}
}
{Volume "cabin"
	{Polyhedron "cabin.vol"}
	{Bone "cabin"}
	{Matrix34
		0	1	0
		-0.996195	0	-0.0871557
		-0.0871557	0	0.996195
		1.3962	-4.19136	-12.2551
	}
}
{Volume "engine"
	{Polyhedron "engine.vol"}
	{Bone "engine"}
	{Matrix34
		0	1	0
		-1	0	0
		0	0	1
		1.22122	-1.31799	-6.25058
	}
}
{Volume "gun"
	{Cylinder 1.96183 25}
	{Bone "gun"}
	{Matrix34
		0	1	0
		0	0	1
		1	0	0
		12.4026	-0.0102808	0.0374454
	}
}
{Volume "gun_rot"
	{Box 28 5.1 3.2}
	{Bone "gun_rot"}
	{Matrix34
		1	0	0
		0	0	-1
		0	1	0
		-0.469948	1.4709	-0.582621
	}
}
{Volume "part1"
	{Polyhedron "part1.vol"}
	{Bone "part1"}
	{Matrix34
		0.703906	0.709788	0.0268022
		-0.699176	0.699045	-0.149968
		-0.125181	0.0868236	0.988328
		-4.63848	-8.14615	-0.228352
	}
}
{Volume "part2"
	{Polyhedron "part2.vol"}
	{Bone "part2"}
	{Matrix34
		-0.160066	0.985605	-0.0544198
		-0.984112	-0.163629	-0.0689169
		-0.0768296	0.0425239	0.996137
		1.49551	-7.80239	1.87598
	}
}
{Volume "part3"
	{Polyhedron "part3.vol"}
	{Bone "part3"}
	{Matrix34
		0	1	0
		-0.766045	0	0.642787
		0.642787	0	0.766045
		-7.19827	0.281517	-10.9041
	}
}
{Volume "turret"
	{Polyhedron "shield.vol"}
	{Bone "shield"}
	{Position 1.19835	0.00282086	-8.49279}
}
{Volume "wheelleft1"
	{Polyhedron "wheelleft1.vol"}
	{Bone "wheell1"}
	{Matrix34
		0	1	0
		-0.965926	0	0.258819
		0.258819	0	0.965926
		0.127214	0.343128	-1.72539
	}
}
{Volume "wheelleft2"
	{Polyhedron "wheelleft2.vol"}
	{Bone "wheell2"}
	{Matrix34
		0	0.984808	-0.173648
		-1	0	0
		0	0.173648	0.984808
		-0.220303	-0.381062	-3.31275
	}
}
{Volume "wheelleft3"
	{Polyhedron "wheelleft3.vol"}
	{Bone "wheell3"}
	{Matrix34
		0	1	0
		-1	0	0
		0	0	1
		-0.220302	0.199978	-3.32859
	}
}
{Volume "wheelright1"
	{Polyhedron "wheelright1.vol"}
	{Bone "wheelr1"}
	{Matrix34
		0	-0.906307	-0.42262
		-0.939693	0.144546	-0.309974
		0.34202	0.397132	-0.851651
		-0.920927	-0.602833	1.41823
	}
}
{Volume "wheelright2"
	{Polyhedron "wheelright2.vol"}
	{Bone "wheelr2"}
	{Matrix34
		0	-0.996195	0.0871554
		-1	0	0
		0	-0.0871553	-0.996195
		-0.00165749	0.4296	4.17488
	}
}
{Volume "wheelright3"
	{Polyhedron "wheelright3.vol"}
	{Bone "wheelr3"}
	{Matrix34
		0	-0.996195	0.0871554
		-1	0	0
		0	-0.0871553	-0.996195
		-0.00165844	0.4296	4.17488
	}
}
