;Exported by: Administrator
;Date:        Tue Dec 24 22:26:56 2013
;File:        D:\³¯ÏÊMOD\µØÏÂµ³.max
{Skeleton
	{bone revolute "basis"
		{limits -30 30}
		{speed 0.1}
		{Orientation
			1	0	0
			0	-1	0
			0	0	1
		}
		{bone "body"
			{Matrix34
				0	0	1
				0	-1	0
				1	0	0
				0	0.0344553	19.9224
			}
			{bone "foot1l"
				{Matrix34
					-0.999047	-0.0132554	0.0415924
					0.0415741	0.00167484	0.999134
					0.0133137	-0.999911	0.00112213
					-0.143509	-2.13095	-0.488995
				}
				{bone "foot2l"
					{Matrix34
						0.964217	-0.265115	-0.000182689
						0.265115	0.964217	-6.87598e-005
						0.000194336	1.77835e-005	1
						9.37838	-0.0471725	0
					}
					{bone "bone06"
						{Matrix34
							0.22138	0.973964	0.0488401
							-0.972284	0.216583	0.0880677
							0.0751968	-0.0669829	0.994916
							8.74023	0.113252	0.00567889
						}
					}
					{bone "foot3l"
						{Matrix34
							0.13198	0.989617	0.0569182
							0.00507395	-0.0580945	0.998298
							0.991239	-0.131467	-0.0126886
							9.2003	-0.346289	-0.0729971
						}
						{bone "bone07"
							{Position 2.60015	0	0}
						}
					}
				}
			}
			{bone "foot1r"
				{Matrix34
					-0.998396	0.0114244	0.0554582
					0.0554446	-0.0015061	0.998461
					0.0114901	0.999934	0.000870269
					-0.143518	2.17103	-0.488755
				}
				{bone "foot2r"
					{Matrix34
						0.961305	-0.275486	-0.000162761
						0.275486	0.961305	-6.14421e-005
						0.000173703	1.41514e-005	1
						9.37831	-0.0472318	0
					}
					{bone "bone03"
						{Matrix34
							0.221381	0.973964	0.0488401
							-0.972284	0.216582	0.0880676
							0.075197	-0.0669829	0.994916
							8.74023	0.113253	0.00568032
						}
					}
					{bone "foot3r"
						{Matrix34
							0.123504	0.992117	0.0212344
							-0.00824212	0.0224229	-0.999715
							-0.99231	0.123293	0.0109461
							9.2003	-0.346289	-0.0729959
						}
						{bone "bone05"
							{Position 2.60015	0	0}
						}
					}
				}
			}
			{bone revolute "ik_leftright"
				{limits -20 20}
				{speed 0.1}
				{Matrix34
					0	0	1
					0	-1	0
					1	0	0
					1.90368	0.0344548	0
				}
				{bone revolute "ik_updown"
					{limits -40 20}
					{speed 0.1}
					{Matrix34
						1	0	0
						0	0	1
						0	-1	0
						0	0	1.66801
					}
					{bone "head"
						{Matrix34
							1	0	0
							0	0	-1
							0	1	0
							0	7.21458	0
						}
						{bone "visor"
							{Matrix34
								1	0	0
								0	1	0
								0	0	1
								2.31916	0	2.33291
							}
						}
					}
					{bone "gun_back"
						{Matrix34
							0.0064783	0.996053	0.0885295
							-0.106389	0.0887156	-0.990359
							-0.994303	-0.00300279	0.106544
							-4.16774	-4.2536	4.06088
						}
					}
					{bone "clavicle_right"
						{Position -0.13918	6.12487	1.17253}
						{bone "hand1r"
							{Matrix34
								-0.136805	-0.962319	0.235003
								0.85369	-0.234871	-0.46481
								0.502491	0.137031	0.853654
								0.0503405	-0.225973	2.95337
							}
							{bone "hand2r"
								{Matrix34
									0.953348	0.301874	0
									-0.301875	0.953348	0
									0	0	1
									6.26813	0	0
								}
								{bone "hand3r"
									{Matrix34
										0.982611	-0.185677	0
										0.185676	0.982611	0
										0	0	1
										5.19218	0	0
									}
								}
								{bone "right_hand"
									{Matrix34
										0.997179	0.0750639	0.000306308
										-0.0690742	0.915993	0.395203
										0.0293852	-0.394109	0.918594
										6.26416	1.39944	0.337036
									}
								}
								{bone "hand_rot1r"
									{Matrix34
										0.00333589	-0.999958	0.00855806
										-0.999992	-0.00331788	0.00210723
										-0.0020788	-0.00856488	-0.999961
										5.19224	0	0
									}
									{bone "palm1r"
										{Matrix34
											-0.987462	-0.121604	-0.100652
											-0.0703693	-0.231655	0.97025
											-0.141302	0.965167	0.220194
											0.121391	-0.163002	0.149547
										}
										{bone "palm2r_hide"
											{Matrix34
												-0.00760838	0.507048	-0.861884
												0.00255213	0.861916	0.507045
												0.999968	0.00165925	-0.00785439
												0.146145	0.242285	-1.25751
											}
											{bone "palm3r_hide"
												{Matrix34
													0.576833	0.816862	0
													-0.816862	0.576833	0
													0	0	1
													0.581881	-0.000115156	0
												}
												{bone "palm4r_hide"
													{Matrix34
														1	0	0
														0	1	0
														0	0	1
														0.53446	0	0
													}
												}
											}
										}
										{bone "palm2r"
											{Matrix34
												-0.00761015	0.507049	-0.861883
												0.00255131	0.861916	0.507045
												0.999968	0.00165767	-0.00785321
												0.146144	0.242285	-1.25751
											}
											{bone "palm3r"
												{Matrix34
													0.576833	0.816863	0
													-0.816862	0.576832	0
													0	0	1
													0.581879	-0.000115156	0
												}
											}
										}
									}
								}
							}
						}
					}
					{bone "clavicle_left"
						{Position -0.13918	6.12487	-1.18112}
						{bone "hand1l"
							{Matrix34
								-0.148462	-0.948475	-0.279917
								0.853029	-0.266023	0.448969
								-0.5003	-0.172122	0.848572
								0.0503408	-0.225973	-2.95273
							}
							{bone "hand2l"
								{Matrix34
									0.929972	0.36763	0
									-0.36763	0.929972	0
									0	0	1
									6.26813	0	0
								}
								{bone "hand3l"
									{Matrix34
										0.982611	-0.185677	0
										0.185677	0.982611	0
										0	0	1
										5.19218	0	0
									}
								}
								{bone "left_hand"
									{Matrix34
										0.275672	0.823505	-0.495827
										0.0041886	-0.516838	-0.856073
										-0.961242	0.233919	-0.145927
										5.99778	-0.667303	0.409924
									}
								}
								{bone "hand_rot1l"
									{Matrix34
										0.00130205	-0.999931	0.0116372
										-0.999998	-0.00131427	-0.0010384
										0.00105362	-0.0116361	-0.999932
										5.25743	-0.000656128	-0.0016222
									}
									{bone "palm1l"
										{Matrix34
											0.965404	0.249251	-0.076609
											-0.0261253	-0.199861	-0.979476
											-0.259446	0.947591	-0.186436
											0.0886897	-0.337658	-0.091609
										}
										{bone "palm2l"
											{Matrix34
												-0.00586889	0.491348	-0.870943
												-0.0045743	-0.870963	-0.491328
												-0.999972	0.00110096	0.00735811
												-0.0738363	0.242493	-1.26342
											}
											{bone "palm3l"
												{Matrix34
													0.578449	-0.815719	0
													0.815719	0.578449	0
													0	0	1
													0.578552	0.000165701	0
												}
											}
										}
										{bone "palm2l_hide"
											{Matrix34
												-0.0058689	0.491348	-0.870944
												-0.00457368	-0.870962	-0.491329
												-0.999972	0.00110158	0.00735795
												-0.0738363	0.242493	-1.26342
											}
											{bone "palm3l_hide"
												{Matrix34
													0.578448	-0.815718	0
													0.815719	0.578449	0
													0	0	1
													0.578552	0.000166655	0
												}
												{bone "palm4l_hide"
													{Matrix34
														1	0	0
														0	1	0
														0	0	1
														0.5119	-3.33786e-005	0
													}
												}
											}
										}
									}
								}
							}
						}
					}
				}
			}
			{bone revolute "placement"
				{Matrix34
					0	1	0
					-1	0	0
					0	0	1
					0.783108	0	0
				}
			}
		}
		{bone "ik_chain05"
			{Position -0.285473	-6.03366	18.2294}
		}
		{bone "ik_chain03"
			{Matrix34
				1	0	0
				0	-1	0
				0	0	1
				-2.00037	2.40969	1.86587
			}
		}
		{bone "ik_chain04"
			{Matrix34
				1	0	0
				0	-1	0
				0	0	1
				1.36769	2.58964	0.0514984
			}
		}
		{bone "ik_chain02"
			{Position 1.65965	-2.37814	0.0514994}
		}
		{bone "ik_chain01"
			{Position -1.84352	-2.34785	1.86587}
		}
		{bone "ik_chain06"
			{Position -0.10802	6.38306	18.36}
		}
		{bone revolute "foresight2rot"
			{limits -20 20}
			{speed 0.1}
			{Position 13.7429	0.0246876	27.5947}
		}
		{bone "palm_ik_holder_right02"
			{Matrix34
				0.127284	-0.0837255	-0.988326
				0.855162	0.514067	0.0665855
				0.502491	-0.853654	0.137031
				-0.946354	-5.59893	23.361
			}
			{bone "palm_ik_holder_right01"
				{Matrix34
					0.0033362	-0.999958	0.00855807
					-0.999992	-0.003318	0.0021074
					-0.002079	-0.0085646	-0.999961
					5.19224	0	0
				}
				{bone "palm_ik_holder_right"
					{Matrix34
						-0.987462	-0.121604	-0.100651
						-0.0703693	-0.231655	0.970249
						-0.141303	0.965167	0.220194
						0.119854	-0.164877	0.14873
					}
					{bone "ik_chain07"
						{Matrix34
							0.999956	0.00324062	-0.00886292
							2.75766e-005	0.938188	0.346125
							0.00943672	-0.34611	0.938147
							0.138651	1.07072	-1.80206
						}
					}
				}
			}
		}
		{bone "palm_ik_holder_left02"
			{Matrix34
				0.175533	0.0952602	-0.979854
				0.847872	-0.520434	0.101294
				-0.5003	-0.848572	-0.172122
				-1.01942	5.88841	23.4478
			}
			{bone "palm_ik_holder_left01"
				{Matrix34
					0.00130215	-0.999931	0.0116373
					-0.999999	-0.00131417	-0.00103852
					0.00105336	-0.0116362	-0.999932
					5.25743	-0.000657439	-0.00162029
				}
				{bone "palm_ik_holder_left"
					{Matrix34
						0.965404	0.249251	-0.0766089
						-0.026125	-0.199862	-0.979476
						-0.259446	0.947591	-0.186435
						0.0856135	-0.338799	-0.0894642
					}
					{bone "ik_chain08"
						{Matrix34
							0.999967	-0.00286294	0.00758435
							0.000204152	0.944171	0.329455
							-0.00810437	-0.329442	0.944141
							-0.0736465	1.03671	-1.8188
						}
					}
				}
			}
		}
		{bone "skin"
			{Matrix34
				-0.999969	-0.00780365	0
				0.007803	-0.999885	-0.0129896
				0.000101367	-0.0129892	0.999916
				0.718493	0.121275	17.7485
			}
			{VolumeView "skin.ply"}
		}
	}
}
