;Exported by: Normand
;Date:        Tue Sep 10 21:29:31 2013
;File:        C:\Normand\ot-130_x.max
{Skeleton
	{animation
		{sequence "start" {speed 0.4}}
		{sequence "stop" {speed 0.4}}
		{sequence "open" {resume}}
		{sequence "hit" {speed 0.6}}
	}
	{bone "basis"
		{parameters "WheelRadius=0.3;"}
		{Orientation
			1	0	0
			0	-1	0
			0	0	1
		}
		{bone "body"
			{parameters "ID=body;"}
			{Position -0.181608	-0.015862	16.1529}
			{animation
				{sequence "repair" {file "body_r.anm"}}
			}
			{Position -0.181608	0.00978374	16.1529}
			{VolumeView "body.ply"}
			{bone "body_top"
				{parameters "ID=body;"}
				{VolumeView "body_top.ply"}
			}
			{bone "door_driver"
				{parameters "ID=body;"}
				{Matrix34
					1	0	0
					0	-0.0015531	0.999999
					0	-0.999999	-0.0015531
					14.374	-9.86063	13.6752
				}
				{VolumeView "door_driver.ply"}
			}
			{bone "chassis"
				{parameters "ID=body;"}
				{VolumeView "chassis.ply"}
			}
			{bone "fxfire1"
				{Position 0.155359	3.59254	7.13157}
			}
			{bone "fxfire3"
				{Position 18.1799	-9.32265	-0.55597}
			}
			{bone "fxfire2"
				{Position -18.5788	-0.80714	0.614582}
			}
			{bone revolute "turret"
				{parameters "ID=turret;"}
				{animation
					{sequence "repair" {file "turret_r.anm"}}
				}
				{speed 0.01}
				{Position 1.3336	-3.13473	21.5125}
				{VolumeView "turret.ply"}
				{bone revolute "mgun_rot"
					{parameters "ID=gun;"}
					{limits -15 15}
					{Matrix34
						1	0	0
						0	0	1
						0	-1	0
						12.6169	-0.496014	-1.16277
					}
					{VolumeView "mgun_rot.ply"}
					{bone "mgun"
						{parameters "ID=turret;"}
						{Matrix34
							1	0	0
							0	0	-1
							0	1	0
							9.5492	-0.53693	3.37362
						}
						{bone "foresight4"
							{parameters "ID=turret;"}
							{Position 0.601427	0	0}
						}
					}
				}
				{bone "cover"
					{parameters "ID=body;"}
					{Matrix34
						-0.265556	0	-0.964095
						0	1	0
						0.964095	0	-0.265556
						0.00350881	-5.12227	4.67321
					}
					{VolumeView "cover.ply"}
				}
				{bone "visor1"
					{parameters "ID=turret;"}
					{Position 6.48197	5.98825	6.96476}
				}
				{bone revolute "gun_rot"
					{parameters "ID=gun;"}
					{limits -15 15}
					{Matrix34
						1	0	0
						0	0	1
						0	-1	0
						12.6169	-0.496014	-1.16277
					}
					{VolumeView "gun_rot.ply"}
					{bone "flamer1"
						{parameters "ID=turret;"}
						{Matrix34
							1	0	0
							0	0	-1
							0	1	0
							8.88731	0.867489	-2.5854
						}
						{bone "foresight1"
							{parameters "ID=turret;"}
							{Position 0.196245	0	0}
						}
					}
				}
				{bone "enumerator"
					{parameters "ID=enumerator;"}
					{Position -1.88792	-12.4932	-0.309183}
					{VolumeView "enumerator.ply"}
				}
			}
			{bone revolute "wheell11"
				{parameters "ID=trackleft;"}
				{Matrix34
					1	0	0
					0	0	-1
					0	1	0
					25.2418	20.4184	1.46721
				}
				{VolumeView "wheell11.ply"}
			}
			{bone revolute "wheell12"
				{parameters "ID=trackleft;"}
				{Matrix34
					0.891303	0	0.453408
					0.453408	0	-0.891303
					0	1	0
					9.59318	20.4184	0.625149
				}
				{VolumeView "wheell12.ply"}
			}
			{bone revolute "wheell13"
				{parameters "ID=trackleft;"}
				{Matrix34
					0.949879	0	-0.312617
					-0.312617	0	-0.949879
					0	1	0
					-5.72779	20.4184	-0.277561
				}
				{VolumeView "wheell13.ply"}
			}
			{bone revolute "wheell14"
				{parameters "ID=trackleft;"}
				{Matrix34
					0.949726	0	0.313082
					0.313082	0	-0.949726
					0	1	0
					-21.8093	20.4184	-1.21914
				}
				{VolumeView "wheell14.ply"}
			}
			{bone revolute "wheelr11"
				{parameters "ID=trackright;"}
				{Matrix34
					0.812236	0	0.583329
					0.583329	0	-0.812236
					0	1	0
					25.2418	-20.3671	1.46722
				}
				{VolumeView "wheelr11.ply"}
			}
			{bone revolute "wheelr12"
				{parameters "ID=trackright;"}
				{Matrix34
					0.719769	0	0.694213
					0.694213	0	-0.719769
					0	1	0
					9.59318	-20.3671	0.625156
				}
				{VolumeView "wheelr12.ply"}
			}
			{bone revolute "wheelr13"
				{parameters "ID=trackright;"}
				{Matrix34
					0.856711	0	-0.515797
					-0.515797	0	-0.856711
					0	1	0
					-5.72779	-20.3671	-0.277551
				}
				{VolumeView "wheelr13.ply"}
			}
			{bone revolute "wheelr14"
				{parameters "ID=trackright;"}
				{Matrix34
					1	0	0
					0	0	-1
					0	1	0
					-21.8093	-20.3671	-1.21912
				}
				{VolumeView "wheelr14.ply"}
			}
			{bone revolute "wheelr10"
				{parameters "ID=trackright;Radius=0.5;"}
				{Matrix34
					1	0	0
					0	0	-1
					0	1	0
					-36.4702	-20.3108	-5.70276
				}
				{VolumeView "wheelr10.ply"}
			}
			{bone revolute "wheelr01"
				{parameters "ID=trackright;Radius=0.5;"}
				{Matrix34
					1	0	0
					0	0	-1
					0	1	0
					37.8354	-20.2054	-1.38888
				}
				{VolumeView "wheelr01.ply"}
			}
			{bone revolute "wheell01"
				{parameters "ID=trackleft;Radius=0.5;"}
				{Matrix34
					1	0	0
					0	0	-1
					0	1	0
					37.8354	20.2567	-1.38889
				}
				{VolumeView "wheell01.ply"}
			}
			{bone revolute "wheell10"
				{parameters "ID=trackleft;Radius=0.5;"}
				{Matrix34
					1	0	0
					0	0	-1
					0	1	0
					-36.4702	20.3621	-5.70277
				}
				{VolumeView "wheell10.ply"}
			}
			{bone "visor2"
				{Position 17.0044	-10.6932	10.5412}
			}
			{bone "fxsmoke1"
				{Matrix34
					-0.642788	-0.766045	0
					0.766045	-0.642788	0
					0	0	1
					-42.1978	-11.568	2.52813
				}
			}
			{bone "fxsmoke2"
				{Matrix34
					-0.499999	-0.852869	0.150384
					0.866026	-0.492403	0.086824
					0	0.173648	0.984808
					-42.1978	-12.4679	2.52813
				}
			}
			{bone "seat01"
				{Matrix34
					0.729927	0.681499	0.0525959
					-0.681318	0.731592	-0.0240597
					-0.0548753	-0.0182727	0.998326
					-21.8742	23.3042	-3.43007
				}
			}
			{bone "seat02"
				{Matrix34
					-0.327024	0.91906	0.219963
					-0.945016	-0.318042	-0.0761183
					0	-0.232761	0.972534
					-37.4193	18.6079	2.18027
				}
			}
			{bone "seat03"
				{Matrix34
					-0.0651183	-0.997878	0
					0.997878	-0.0651183	0
					0	0	1
					-36.5941	-22.727	-1.64802
				}
			}
			{bone "seat04"
				{Matrix34
					0.394377	-0.90578	0.155013
					0.918405	0.394298	-0.0325844
					-0.0316068	0.155215	0.987375
					-17.008	-23.5777	-0.182817
				}
			}
			{bone "engine"
				{parameters "ID=engine;"}
				{animation
					{sequence "repair" {file "engine_r.anm"}}
				}
				{Position -25.9326	-0.00978088	5.34899}
				{VolumeView "engine.ply"}
				{bone "engine_hatch"
					{parameters "ID=engine;"}
					{Matrix34
						1	0	0
						0	-0.00494983	0.999988
						0	-0.999988	-0.00494983
						-0.275164	0	-0.659952
					}
					{VolumeView "engine_hatch.ply"}
				}
				{bone "fuel"
					{parameters "ID=engine;"}
					{VolumeView "fuel.ply"}
				}
			}
		}
		{bone "wheelsR"
			{parameters "ID=trackright;"}
			{Position 1.43354	-20.1707	0}
			{bone revolute "wheelr02"
				{parameters "ID=trackright;"}
				{Matrix34
					1	0	0
					0	0	-1
					0	1	0
					27.3161	-0.0795097	3.62205
				}
				{VolumeView "wheelr02.ply"}
			}
			{bone revolute "wheelr03"
				{parameters "ID=trackright;"}
				{Matrix34
					1	0	0
					0	0	-1
					0	1	0
					19.2889	-0.0795059	3.62205
				}
				{VolumeView "wheelr03.ply"}
			}
			{bone revolute "wheelr04"
				{parameters "ID=trackright;"}
				{Matrix34
					1	0	0
					0	0	-1
					0	1	0
					11.4929	-0.0795097	3.62204
				}
				{VolumeView "wheelr04.ply"}
			}
			{bone revolute "wheelr05"
				{parameters "ID=trackright;"}
				{Matrix34
					1	0	0
					0	0	-1
					0	1	0
					3.46562	-0.0795059	3.62203
				}
				{VolumeView "wheelr05.ply"}
			}
			{bone revolute "wheelr06"
				{parameters "ID=trackright;"}
				{Matrix34
					1	0	0
					0	0	-1
					0	1	0
					-3.67613	-0.0795097	3.62202
				}
				{VolumeView "wheelr06.ply"}
			}
			{bone revolute "wheelr07"
				{parameters "ID=trackright;"}
				{Matrix34
					1	0	0
					0	0	-1
					0	1	0
					-11.7034	-0.0795097	3.62202
				}
				{VolumeView "wheelr07.ply"}
			}
			{bone revolute "wheelr08"
				{parameters "ID=trackright;"}
				{Matrix34
					1	0	0
					0	0	-1
					0	1	0
					-19.4994	-0.0795097	3.62202
				}
				{VolumeView "wheelr08.ply"}
			}
			{bone revolute "wheelr09"
				{parameters "ID=trackright;"}
				{Matrix34
					1	0	0
					0	0	-1
					0	1	0
					-27.5266	-0.0795174	3.62202
				}
				{VolumeView "wheelr09.ply"}
			}
			{bone "trackR"
				{parameters "ID=trackright;"}
				{Matrix34
					1	0	0
					0	0	1
					0	-1	0
					-1.16234	0.15099	13.3686
				}
				{VolumeView "trackr.ply"}
			}
			{bone "fxtracer1"
				{Matrix34
					-1	0	0
					0	0.0174528	-0.999848
					0	-0.999848	-0.0174528
					17.9746	0.934864	-0.0788474
				}
			}
			{bone "fxtracer2"
				{Matrix34
					-0.965906	0.00451729	0.258853
					-0.258745	0.016858	-0.965798
					-0.00872654	-0.999848	-0.0151144
					-29.8219	0.276232	0.637991
				}
			}
		}
		{bone "wheelsL"
			{parameters "ID=trackleft;"}
			{Position 1.43354	20.1772	0}
			{bone revolute "wheell02"
				{parameters "ID=trackleft;"}
				{Matrix34
					1	0	0
					0	0	-1
					0	1	0
					27.3161	0.0925903	3.62204
				}
				{VolumeView "wheell02.ply"}
			}
			{bone revolute "wheell03"
				{parameters "ID=trackleft;"}
				{Matrix34
					1	0	0
					0	0	-1
					0	1	0
					19.2889	0.0925865	3.62203
				}
				{VolumeView "wheell03.ply"}
			}
			{bone revolute "wheell04"
				{parameters "ID=trackleft;"}
				{Matrix34
					1	0	0
					0	0	-1
					0	1	0
					11.4928	0.0925865	3.62203
				}
				{VolumeView "wheell04.ply"}
			}
			{bone revolute "wheell05"
				{parameters "ID=trackleft;"}
				{Matrix34
					1	0	0
					0	0	-1
					0	1	0
					3.46561	0.0925789	3.62202
				}
				{VolumeView "wheell05.ply"}
			}
			{bone revolute "wheell06"
				{parameters "ID=trackleft;"}
				{Matrix34
					1	0	0
					0	0	-1
					0	1	0
					-3.67613	0.0925789	3.62201
				}
				{VolumeView "wheell06.ply"}
			}
			{bone revolute "wheell07"
				{parameters "ID=trackleft;"}
				{Matrix34
					1	0	0
					0	0	-1
					0	1	0
					-11.7034	0.0925789	3.62201
				}
				{VolumeView "wheell07.ply"}
			}
			{bone revolute "wheell08"
				{parameters "ID=trackleft;"}
				{Matrix34
					1	0	0
					0	0	-1
					0	1	0
					-19.4994	0.0925789	3.62201
				}
				{VolumeView "wheell08.ply"}
			}
			{bone revolute "wheell09"
				{parameters "ID=trackleft;"}
				{Matrix34
					1	0	0
					0	0	-1
					0	1	0
					-27.5266	0.0925827	3.62201
				}
				{VolumeView "wheell09.ply"}
			}
			{bone "trackL"
				{parameters "ID=trackleft;"}
				{Matrix34
					1	0	0
					0	0	1
					0	-1	0
					-1.16234	-0.153385	13.3686
				}
				{VolumeView "trackl.ply"}
			}
			{bone "fxtracel1"
				{Matrix34
					-1	0	0
					0	-0.017453	-0.999848
					0	0.999848	-0.017453
					17.9746	0.0159397	-0.174482
				}
			}
			{bone "fxtracel2"
				{Matrix34
					-0.965906	-0.00451703	0.258853
					-0.258745	-0.0168582	-0.965798
					-0.00872633	0.999848	-0.0151146
					-30.0332	-0.211388	0.386149
				}
			}
		}
		{bone "fxshot"
			{Position 1.43354	0	0}
		}
		{bone "emit2"
			{Matrix34
				0	1	0
				-1	0	0
				0	0	1
				20.7325	-32.5631	0
			}
		}
		{bone "emit6"
			{Matrix34
				0	1	0
				-1	0	0
				0	0	1
				-14.5864	-32.5631	0
			}
		}
		{bone "emit5"
			{Matrix34
				0	1	0
				-1	0	0
				0	0	1
				-34.0974	-32.5631	0
			}
		}
		{bone "emit3"
			{Matrix34
				0	-1	0
				1	0	0
				0	0	1
				-14.5864	32.0855	0
			}
		}
		{bone "emit4"
			{Matrix34
				0	-1	0
				1	0	0
				0	0	1
				-34.0974	32.0855	0
			}
		}
		{bone "emit1"
			{Matrix34
				0	-1	0
				1	0	0
				0	0	1
				20.7325	32.0855	0
			}
		}
	}
}
{Obstacle "body"
	{Obb2
		{Center 0.0704975 0.0606499}
		{Extent 40.326 16.7916}
		{Axis 1 0}
	}
	{Rotate}
}
{Obstacle "trackleft"
	{Obb2
		{Center -0.124443 -19.9016}
		{Extent 43.8211 3.07434}
		{Axis 1 0}
	}
	{Rotate}
}
{Obstacle "trackright"
	{Obb2
		{Center -0.124443 19.9021}
		{Extent 43.8211 3.07434}
		{Axis 1 0}
	}
	{Rotate}
}
{Volume "body1"
	{Polyhedron "body1.vol"}
	{Bone "body"}
	{Position 1.58095	-0.143003	10.3885}
}
{Volume "body"
	{Polyhedron "body.vol"}
	{Bone "body"}
	{Position 0.252104	-0.0447895	-0.72996}
}
{Volume "engine"
	{Box 22.3599 11.6631 31.561}
	{Bone "engine"}
	{Matrix34
		1	0	0
		0	0	1
		0	-1	0
		5.27067	-8.98747	-7.09761
	}
}
{Volume "ram"
	{Polyhedron "ram.vol"}
	{Bone "body"}
	{Position 6.40871	0.0887723	-1.58043}
}
{Volume "trackleft"
	{Polyhedron "trackleft.vol"}
	{Bone "wheelsl"}
	{Matrix34
		1	0	0
		0	0	1
		0	-1	0
		-1.55798	-0.275593	10.8107
	}
}
{Volume "trackright"
	{Polyhedron "trackright.vol"}
	{Bone "wheelsr"}
	{Matrix34
		1	0	0
		0	0	1
		0	-1	0
		-1.55798	0.268536	10.8107
	}
}
{Volume "turret1"
	{Polyhedron "turret1.vol"}
	{Bone "turret"}
	{Position -12.7693	0.046567	0.160828}
}
{Volume "turret2"
	{Cylinder 4.62049 14.3413}
	{Bone "turret"}
	{Matrix34
		1	0	0
		0	0	1
		0	-1	0
		11.3795	-0.41175	-1.22398
	}
}
{Volume "turret"
	{Cylinder 13.3368 13.1381}
	{Bone "turret"}
	{Position 0.0901852	-0.151271	-1.54124}
}
