;Exported by: Normand
;Date:        Fri Dec 20 09:30:33 2013
;File:        C:\Users\Normand\lrdg-37mm_xx.max
{Skeleton
	{bone "basis"
		{parameters "WheelRadius=0.2;"}
		{Orientation
			1	0	0
			0	-1	0
			0	0	1
		}
		{bone "pivot_front"
			{parameters "ID=body;"}
			{Matrix34
				1	0	0
				0	1	0
				0	0	1
				34.9088	0.561642	6.0806
			}
			{VolumeView "pivot_front.ply"}
			{bone revolute "steerr"
				{parameters "ID=body;"}
				{Matrix34
					0.999993	0.00373259	0
					0.00373235	-0.99993	-0.0112267
					4.19048e-005	-0.0112267	0.999937
					-0.0154533	-13.3983	-0.0612764
				}
				{VolumeView "steerr.ply"}
				{bone revolute "wheelr1"
					{parameters "ID=wheelright1;"}
					{Matrix34
						-0.999993	-0.0037317	-4.18964e-005
						0	-0.0112263	0.999937
						-0.00373193	0.99993	0.0112263
						0.0114365	0.277832	0.0122886
					}
					{VolumeView "wheelr1.ply"}
				}
				{bone revolute "wheell1"
					{parameters "ID=wheelleft1;"}
					{Matrix34
						-0.999993	-0.0037317	-4.18964e-005
						0	-0.0112263	0.999937
						0.00373193	-0.99993	-0.0112263
						0.111847	-26.6279	-0.289794
					}
					{VolumeView "wheelr1.ply"}
				}
				{bone revolute "wheell2"
					{parameters "ID=wheelleft2;"}
					{Matrix34
						-0.999993	-0.0037317	-4.18964e-005
						0	-0.0112263	0.999937
						0.00373193	-0.99993	-0.0112263
						-65.6339	-26.8732	-0.292548
					}
					{VolumeView "wheelr1.ply"}
				}
				{bone revolute "wheelr2"
					{parameters "ID=wheelright2;"}
					{Matrix34
						-0.999993	-0.0037317	-4.18964e-005
						0	-0.0112263	0.999937
						-0.00373193	0.99993	0.0112263
						-65.7343	0.0325069	0.00953436
					}
					{VolumeView "wheelr1.ply"}
				}
			}
			{bone revolute "steerl"
				{parameters "ID=body;"}
				{Matrix34
					1	0	0
					0	-0.999943	0.0106551
					0	0.0106551	0.999943
					-0.015461	12.8891	-0.0612764
				}
				{VolumeView "steerl.ply"}
			}
		}
		{bone "pivot_back"
			{parameters "ID=body;"}
			{Matrix34
				1	0	0
				0	1	0
				0	0	1
				-30.6925	0.561644	6.82034
			}
			{VolumeView "pivot_back.ply"}
		}
		{bone "body"
			{parameters "ID=body;"}
			{Matrix34
				0.99785	0.00437539	-0.0653871
				0	0.997769	0.0667658
				0.0655334	-0.0666223	0.995624
				-2.34526	0.601085	15.555
			}
			{VolumeView "body.ply"}
			{bone "fxfire"
				{Matrix34
					1	0	0
					0	0	1
					0	-1	0
					33.3568	-0.0966148	3.97179
				}
			}
			{bone "body_back"
				{parameters "ID=body;"}
				{Matrix34
					1	0	0
					0	-1	0
					0	0	-1
					-27.4967	0.00285113	0.14725
				}
				{VolumeView "body_back.ply"}
				{bone "detail2"
					{parameters "ID=detail2;"}
					{Matrix34
						1	0	0
						0	0	-1
						0	1	0
						-0.46736	20.0453	-7.99091
					}
					{VolumeView "detail2.ply"}
				}
				{bone "door_back"
					{parameters "ID=body;"}
					{Matrix34
						0.998828	0	0.0483909
						-0.0483909	0	0.998828
						0	-1	0
						-26.0017	0.0366662	0.866568
					}
					{VolumeView "door_back.ply"}
				}
				{bone "detail3"
					{parameters "ID=detail3;"}
					{Matrix34
						1	0	0
						0	0	-1
						0	-1	0
						-0.467352	-19.9717	-7.99091
					}
					{VolumeView "detail2.ply"}
				}
				{bone "antenna"
					{parameters "ID=body;"}
					{Matrix34
						1	0	0
						0	-1	0
						0	0	-1
						26.7205	13.344	-11.2496
					}
					{VolumeView "antenna.ply"}
				}
				{bone "sider"
					{parameters "ID=body;"}
					{Matrix34
						-0.00857529	0	-0.999963
						0	-1	0
						-0.999963	0	0.00857535
						-0.0331287	19.365	-11.7868
					}
					{VolumeView "sider.ply"}
				}
				{bone "sidel"
					{parameters "ID=body;"}
					{Matrix34
						0	0	-1
						0	-1	0
						-1	0	0
						-0.173637	-19.3659	-11.8293
					}
					{VolumeView "sidel.ply"}
				}
				{bone "box_back"
					{parameters "ID=body;"}
					{Position -1.14441e-005	0	0}
					{VolumeView "box_back.ply"}
				}
				{bone "door_side"
					{parameters "ID=body;"}
					{Matrix34
						-0.00200795	0	-0.999998
						0	1	0
						0.999998	0	-0.00200795
						17.4076	19.237	-0.235764
					}
					;{VolumeView "door_side.ply"}
				}
				{bone "stand"
					{parameters "ID=body;"}
					{Matrix34
					0.8	0	0
					0	-0.8	0
					0	0	-0.8
					-1.37731	-0.642588	-5.17915}
					{VolumeView "stand_37mm.ply"}
				}
				{bone "body_gun"
					{parameters "ID=body;"}
					{Matrix34
					-1	0	0
					0	1	0
					0	0	-1
					-4.37731	-0.642588	-10.17915}
					{VolumeView "body_37mm.ply"}
					{bone revolute "turret"
						{parameters "ID=turret;"}
						{limits -25 25}
						{speed 0.01}
						{Position -0.587221	0.853107	1.03998}
						{VolumeView "turret_37mm.ply"}
						{bone revolute "gun_rot"	
							{parameters "ID=gun;"}
							{limits -25 10}
							{speed 0.08}
							{Matrix34
								1	0	0
								0	0	-1
								0	1	0
								-1.24568	0.0335753	5.10275
							}
							{VolumeView "gun_rot_37mm.ply"}
							{bone "gun"
								{parameters "ID=gun;"}
								{Matrix34
									0	1	0
									0	0	1
									1	0	0
									8.85502	0.65497	-0.496305
								}
								{VolumeView "gun_37mm.ply"}
							}
						}
					}
				}
			}
			{bone revolute "steerw"
				{parameters "ID=steerw;WheelRadius=0.15;"}
				{Matrix34
					0.520031	0	0.854148
					0	-1	0
					-0.854148	0	0.520031
					19.7708	-6.87753	7.91961
				}
				{VolumeView "steerw.ply"}
			}
			{bone "windows"
				{parameters "ID=window;"}
				{Position 20.7294	-0.0367931	14.4586}
				{VolumeView "windows.ply"}
			}
			{bone "mgun_stand"
				{parameters "ID=body;"}
				{Matrix34
					0.999995	0	0.00310994
					0	1	0
					-0.00310992	0	0.999995
					19.9814	13.4763	-4.40258
				}
				{VolumeView "mgun_stand.ply"}
				{bone revolute "mgun_turret"
					{parameters "ID=body;"}
					{limits -30 30}
					{Position -0.0273857	-0.034564	17.369}
					{VolumeView "mgun_turret.ply"}
					{bone revolute "mgun"
						{limits -10 15}
						{Matrix34
							1	0	0
							0	0	1
							0	-1	0
							-2.13494	0.024147	2.80112
						}
					}
				}
			}
			{bone "engine"
				{parameters "ID=engine;"}
				{VolumeView "engine.ply"}
				{bone "engine_door2"
					{parameters "ID=engine;"}
					{Matrix34
						0.958941	-0.283578	-0.00396209
						-0.0215251	-0.0867049	0.996001
						-0.282787	-0.955021	-0.0892491
						34.1939	10.3249	6.23391
					}
					{VolumeView "engine_door2.ply"}
				}
				{bone "engine_hutch"
					{parameters "ID=engine;"}
					{Matrix34
						0.998642	0	0.0520982
						-0.0520976	-0.00492188	0.99863
						0.000256421	-0.999988	-0.00491519
						24.9761	0.10589	13.3398
					}
					{VolumeView "engine_hutch.ply"}
				}
				{bone "engine_door1"
					{parameters "ID=engine;"}
					{Matrix34
						0.958941	0.283577	-0.00396202
						-0.021525	0.0867047	0.996002
						-0.282787	0.955022	-0.0892488
						34.1939	-10.1488	6.23391
					}
					{VolumeView "engine_door1.ply"}
				}
			}
			{bone "detail5"
				{parameters "ID=detail5;"}
				{Position 6.4622	17.8919	-7.70374}
				{VolumeView "detail5.ply"}
			}
			{bone "part2"
				{parameters "ID=detail6;"}
				{Matrix34
					1	0	0
					0	-1	0
					0	0	1
					6.4622	-18.1051	-7.70374
				}
				{VolumeView "part2.ply"}
			}
			{bone "filter"
				{parameters "ID=body;"}
				{Position 22.3634	-15.6193	2.3203}
				{VolumeView "filter.ply"}
			}
		}
	}
}
{Volume "body2"
	{Box 46 36 14}
	{Bone "body"}
	{Matrix34
		1.13	0	0
		0	1.13	0
		0	0	1.13
		-27.1177	-0.0327099	8.39278
	}
}
{Volume "body3"
	{Box 16 26 3.76438}
	{Bone "body"}
	{Matrix34
		1.13	0	0
		0	1.13	0
		0	0	1.13
		11.5633	0.0394708	-6.49742
	}
}
{Volume "body"
	{Box 75.3088 14.1204 1.37282}
	{Bone "body"}
	{Matrix34
		1.12993	0	-0.0125031
		0	1.13	0
		0.0125032	0	1.12993
		1.68306	0.218997	-5.49375
	}
}
{Volume "body_gun"
	{Polyhedron "body_37mm.vol"}
	{Bone "body_gun"}
	{Position -0.879078	-0.492184	-1.23702}
}
{Volume "engine"
	{Polyhedron "engine.vol"}
	{Bone "engine"}
	{Position 35.8318	-0.313968	-2.27728}
}
{Volume "gun"
	{Polyhedron "gun_37mm.vol"}
	{Bone "gun"}
	{Matrix34
		0	-1	0
		-1	0	0
		0	0	-1
		-0.509486	0.446263	-13.564
	}
}
{Volume "turret"
	{Polyhedron "turret_37mm.vol"}
	{Bone "turret"}
	{Matrix34
		1	0	0
		0	0	1
		0	-1	0
		6.53423	7.07624	3.09289
	}
}
{Volume "wheelleft1"
	{Cylinder 14 9.5}
	{Bone "wheell1"}
	{Matrix34
		-0.436667	0	0
		0	0.43665	-0.00383937
		0	-0.00383937	-0.43665
		-0.0965894	0.130876	3.53098
	}
}
{Volume "wheelleft2"
	{Cylinder 14 9.5}
	{Bone "wheell2"}
	{Matrix34
		-0.436667	0	0
		0	0.43665	-0.00383909
		0	-0.00383909	-0.43665
		-0.192217	0.0459084	3.15287
	}
}
{Volume "wheelright1"
	{Cylinder 14 9.5}
	{Bone "wheelr1"}
	{Matrix34
		-0.431871	-0.0645435	0
		-0.0645435	0.431871	0
		0	0	0.436667
		-0.0956199	0.142041	3.78677
	}
}
{Volume "wheelright2"
	{Cylinder 14 9.5}
	{Bone "wheelr2"}
	{Matrix34
		-0.436667	0	0
		0	0.43665	0.0038391
		0	-0.00383909	0.43665
		-0.190434	0.0459213	3.37229
	}
}
