;Exported by: vlss
;Date:        Wed Sep 07 10:45:49 2016
;File:        F:\我的文档\3d\火箭类\V1火箭发射器\tank.max
{Skeleton
	{bone "v1_rocket"
		{Orientation
			1	0	0
			0	-1	0
			0	0	1
		}
		{bone "rocket"
			{Matrix34
				0.999848	0.00872541	-0.0151146
				-0.00872641	0.999962	0
				0.0151141	0.000131881	0.999886
				5.29263	1.37677	0.230077
			}
			{VolumeView "rocket.ply"}
			{bone "tail"
				{Matrix34
					-0.999846	0	-0.0175366
					0	-1	0
					-0.0175366	0	0.999846
					-59.7495	-0.894554	-1.30252
				}
			}
		}
	}
}
{Volume "rocket1"
	{Polyhedron "rocket1.vol"}
	{Bone "rocket"}
	{Matrix34
		0.99996	-0.00874602	0.00184894
		0.00874579	0.999962	0.000133608
		-0.00185005	-0.000117423	0.999998
		95.2587	256.575	-1.835
	}
}
{Volume "rocket2"
	{Polyhedron "rocket2.vol"}
	{Bone "rocket"}
	{Position 92.6939	257.064	-2.0803}
}
{Volume "rocket"
	{Polyhedron "rocket.vol"}
	{Bone "rocket"}
	{Matrix34
		0.99996	-0.00874602	0.00184894
		0.00874579	0.999962	0.000133608
		-0.00185005	-0.000117423	0.999998
		95.2587	256.575	-1.835
	}
}
{Volume "select"
	{Polyhedron "select.vol"}
	{Bone "rocket"}
	{Matrix34
		0.99996	-0.00874602	0.00184894
		0.00874579	0.999962	0.000133608
		-0.00185005	-0.000117423	0.999998
		95.2587	256.575	-1.835
	}
}

{Extender "preview"
	{"Stuff"
		{camera
			{origin 8	74.0041	84.6906}
			{lookat 0	-0.147835	-0.264236}
			{fov 68}
			{horizon 3.00003}
		}
		{lights
			{"0"
				{type directional}
				{direction 0.497695	0.0315306	-0.0361246}
			}
			{"1"
				{type directional}
				{direction -0.0419261	-0.459162	-0.193422}
			}
			{"2"
				{type directional}
				{direction -0.268368	0.257637	-0.334068}
			}
		}
	}

	{"Stuff_primary"
		{camera
			{origin 8	74.0041	84.6906}
			{lookat 0	-0.147835	-0.264236}
			{fov 68}
			{horizon 3.00003}
		}
		{lights
			{"0"
				{type directional}
				{direction 0.497695	0.0315306	-0.0361246}
			}
			{"1"
				{type directional}
				{direction -0.0419261	-0.459162	-0.193422}
			}
			{"2"
				{type directional}
				{direction -0.268368	0.257637	-0.334068}
			}
		}
	}
}
