;Exported by: vlss
;Date:        Wed Sep 07 18:34:25 2016
;File:        v1.obj
{Skeleton
	{animation
		{sequence "start"}
		{sequence "stop"}
		{sequence "hit"}
	}
	{bone "basis"
		{parameters "Wheelradius=0.5;SteerMax=30;"}
		{Orientation
			1	0	0
			0	-1	0
			0	0	1
		}
		{bone "body"
			{parameters "ID=body;"}
			{animation
				{sequence "repair" {file "body_r.anm"}}
			}
			{Matrix34
				1	0	0
				0	1	0
				0	0	1
				-48.7401	-0.278939	10.4074
			}
			{VolumeView "body.ply"}
			{bone "visor2"
				{Position 66.8073	5.68551	29.061}
			}
			{bone "fxsmoke1"
				{Matrix34
					-0.132738	-0.991151	0.0010181
					0.0220164	-0.00397557	-0.99975
					0.990907	-0.132683	0.0223488
					42.2067	-14.2246	-0.358479
				}
			}
			{bone "fxsmoke2"
				{Matrix34
					-0.132749	-0.991133	0.00577374
					0.0284084	-0.00962785	-0.99955
					0.990742	-0.132525	0.0294344
					42.2139	-14.167	-0.335646
				}
			}
			{bone "headlightr"
				{Position 98.9801	-14.6418	16.5384}
			}
			{bone "headlightl"
				{Matrix34
					1	0	0
					0	1	0
					0	0	1
					99.009	15.5054	16.5635
				}
			}
			{bone "fxfire1"
				{Matrix34
					0	0	1
					0	-1	0
					1	0	0
					50.9292	-2.95629	4.1491
				}
			}
			{bone "fxfire2"
				{Matrix34
					0	0	1
					0	-1	0
					1	0	0
					90.5919	0.48636	16.5788
				}
			}
			{bone "link2"
				{Matrix34
					-1	0	0
					0	-1	0
					0	0	1
					-51.7559	0.10833	5.44791
				}
			}
			{bone "engine"
				{parameters "ID=engine;"}
				{animation
					{sequence "repair" {file "engine_r.anm"}}
				}
				{Matrix34
					1	0	0
					0	1	0
					0	0	1
					92.6067	0.13119	20.7112
				}
				{VolumeView "engine.ply"}
			}
			{bone "fxlight"
				{Position -15.9121	3.09353	11.6443}
			}
			{bone "driver"
				{Matrix34
					0.041506	-0.999136	0.00197172
					0.998009	0.0415528	0.0474508
					-0.0474918	0	0.998872
					65.1138	9.20243	10.0595
				}
			}
			{bone "visor1"
				{Position 66.8493	6.56785	28.7019}
			}
			{bone "commander"
				{Matrix34
					0.666899	0.71245	0.218314
					-0.695108	0.700368	-0.162202
					-0.268461	-0.0435792	0.962304
					68.026	-6.24983	9.49159
				}
			}
			{bone "visor"
				{Position 66.8073	5.68551	29.061}
			}
			{bone revolute "steerl1"
				{parameters "ID=body;"}
				{Matrix34
					-0.58931	-0.0792337	-0.804012
					-0.0481303	0.996855	-0.0629603
					0.806472	0.00159415	-0.59127
					77.4404	9.64638	20.0571
				}
				{VolumeView "steerl1.ply"}
			}
			{bone "fxstop1"
				{Matrix34
					-0.999951	-0.00989007	0
					0.00989007	-0.999951	0
					0	0	1
					22.4767	12.579	2.0472
				}
			}
			{bone "fxstop2"
				{Matrix34
					-0.999951	-0.00989007	0
					0.00989007	-0.999951	0
					0	0	1
					22.4767	-11.8592	1.85991
				}
			}
			{bone "turret"
				{parameters "ID=turret;"}
				{animation
					{sequence "repair" {file "turret_r.anm"}}
				}
				{Position 0	0	0}
				{VolumeView "turret.ply"}
				{bone "shooter00"
					{Matrix34
						0.988064	0	0.154042
						0	1	0
						-0.154042	0	0.988064
						-52.2537	0.277169	38.516
					}
					{bone "rocket00"
						{Matrix34
							0.999896	0.00872564	-0.0115236
							-0.00872658	0.999962	-3.14696e-005
							0.011523	0.000132028	0.999934
							59.5889	1.37852	0.617008
						}
						{VolumeView "rocket00.ply"}
					}
				}
				{bone revolute "foresight1"
					{limits -15 15}
					{speed 0.05}
					{Matrix34
						0.98389	0	0.178776
						0	1	-1.03218e-005
						-0.178776	1.17603e-005	0.98389
						54.8084	0.090234	55.542
					}
					{bone revolute "foresight"
						{limits -50 50}
						{speed 0.05}
						{Matrix34
							0.999986	0	-0.00520898
							-0.00520889	1.26939e-005	-0.999986
							0	1	1.26851e-005
							0.00886726	0.298829	-0.0908928
						}
					}
				}
			}
		}
		{bone "emit1"
			{Matrix34
				0	-1	0
				1	0	0
				0	0	1
				18.4657	27.6412	0
			}
		}
		{bone "emit2"
			{Matrix34
				0	1	0
				-1	0	0
				0	0	1
				17.9381	-28.7874	0
			}
		}
		{bone "pivot_back"
			{Position -37.5118	0.0177549	10.2905}
			{bone revolute "wheell2"
				{parameters "ID=wheelleft2;"}
				{animation
					{sequence "repair" {file "wheelleft2_r.anm"}}
				}
				{Matrix34
					-1	0	0
					0	0	1
					0	1	0
					-0.0830841	15.129	-0.0435753
				}
				{VolumeView "wheell2.ply"}
				{bone "fxtracel2"
					{Matrix34
						-1	0	0
						0	0	1
						0	1	0
						1.49688	-9.74199	-2.38416
					}
				}
			}
			{bone revolute "wheelr2"
				{parameters "ID=wheelright2;"}
				{animation
					{sequence "repair" {file "wheelright2_r.anm"}}
				}
				{Matrix34
					-1	0	0
					0	0	1
					0	1	0
					-0.0883446	-13.3386	-0.031786
				}
				{VolumeView "wheelr2.ply"}
				{bone "fxtracer2"
					{Matrix34
						-1	0	0
						0	0	1
						0	1	0
						1.466	-9.78815	2.53629
					}
				}
			}
			{bone revolute "wheelr03"
				{parameters "ID=wheelright2;"}
				{animation
					{sequence "repair" {file "wheelright2_r.anm"}}
				}
				{Matrix34
					-1	0	0
					0	0	1
					0	1	0
					-21.5118	-13.3386	-0.031786
				}
				{VolumeView "wheelr03.ply"}
			}
			{bone revolute "wheell03"
				{parameters "ID=wheelleft2;"}
				{animation
					{sequence "repair" {file "wheelleft2_r.anm"}}
				}
				{Matrix34
					-1	0	0
					0	0	1
					0	1	0
					-21.5066	15.129	-0.0435753
				}
				{VolumeView "wheell03.ply"}
			}
		}
		{bone "pivot_front"
			{Matrix34
				1	0	0
				0	1	0
				0	0	1
				35.0996	0.490735	10.8211
			}
			{bone revolute "steerr"
				{Matrix34
					1	0	0
					0	-1	0
					0	0	-1
					6.99646	-11.0959	-0.988314
				}
				{bone revolute "wheelr01"
					{parameters "ID=wheelright1;Radius=0.5;"}
					{animation
						{sequence "repair" {file "wheelright_r.anm"}}
					}
					{Matrix34
						-1	0	0
						0	0	-1
						0	-1	0
						-2.31352	4.967	-0.448543
					}
					{VolumeView "wheelr01.ply"}
					{bone "fxtracer1"
						{Matrix34
							-1	0	0
							0	0	1
							0	1	0
							0.350773	-10.2706	0.0203171
						}
					}
				}
			}
			{bone revolute "steerl"
				{Matrix34
					1	0	0
					0	-1	0
					0	0	-1
					7.11636	10.3423	-1.07363
				}
				{bone revolute "wheell01"
					{parameters "ID=wheelleft1;Radius=0.5;"}
					{animation
						{sequence "repair" {file "wheelleft_r.anm"}}
					}
					{Matrix34
						-1	0	0
						0	0	-1
						0	-1	0
						-2.42118	-5.76172	-0.521113
					}
					{VolumeView "wheell01.ply"}
					{bone "fxtracel1"
						{Matrix34
							-1	0	0
							0	0	1
							0	1	0
							0.389492	-10.2236	0.0203876
						}
					}
				}
			}
		}
	}
}
{Volume "body1"
	{Box 80.2942 40.4394 14.8833}
	{Bone "body"}
	{Position -0.308402	0.778887	9.47994}
}
{Volume "body"
	{Box 54.5996 40.4394 20.9623}
	{Bone "body"}
	{Position 84.6896	0.778865	13.1535}
}
{Volume "engine"
	{Polyhedron "engine.vol"}
	{Bone "engine"}
	{Matrix34
		1	0	0
		0	1	0
		0	0	1
		2.67741	0.201607	-8.57629
	}
}
{Volume "fuel"
	{Box 16.7277 37.5455 8.62789}
	{Bone "body"}
	{Position 48.7266	0.00519288	4.73249}
}
{Volume "inventory"
	{Box 8.00369 20.5167 4.40198}
	{Bone "body"}
	{Position 30.4669	-0.0270303	3.40006}
}
{Volume "rocket1"
	{Polyhedron "rocket1.vol"}
	{Bone "rocket00"}
	{Matrix34
		0.99996	-0.00874602	0.00184897
		0.00874579	0.999962	0.000133607
		-0.00184999	-0.000117428	0.999998
		95.2587	256.575	-1.835
	}
}
{Volume "rocket2"
	{Polyhedron "rocket2.vol"}
	{Bone "rocket00"}
	{Position 92.6939	257.064	-2.08029}
}
{Volume "rocket"
	{Polyhedron "rocket.vol"}
	{Bone "rocket00"}
	{Matrix34
		0.99996	-0.00874602	0.00184897
		0.00874579	0.999962	0.000133607
		-0.00184999	-0.000117428	0.999998
		95.2587	256.575	-1.835
	}
}
{Volume "turret"
	{Box 210.345 16.5802 15.3025}
	{Bone "turret"}
	{Matrix34
		0.991256	0	0.131953
		0	1	0
		-0.131953	0	0.991256
		62.7927	0.0726898	40.7371
	}
}
{Volume "wheelleft1"
	{Polyhedron "wheelleft1.vol"}
	{Bone "wheell01"}
	{Matrix34
		0.984808	-0.173648	0
		-0.173648	-0.984808	0
		0	0	-1
		-0.00927353	0.103045	-0.159555
	}
}
{Volume "wheelleft2"
	{Polyhedron "wheelleft2.vol"}
	{Bone "wheell2"}
	{Matrix34
		0.984808	-0.173648	0
		-0.173648	-0.984808	0
		0	0	-1
		-0.0524788	0.128409	-0.0952234
	}
}
{Volume "wheelleft3"
	{Polyhedron "wheelleft3.vol"}
	{Bone "wheell03"}
	{Matrix34
		0.984808	-0.173648	0
		-0.173648	-0.984808	0
		0	0	-1
		-0.0524788	0.128409	-0.0952234
	}
}
{Volume "wheelright1"
	{Polyhedron "wheelright1.vol"}
	{Bone "wheelr01"}
	{Matrix34
		0.984808	-0.173648	0
		-0.173648	-0.984808	0
		0	0	-1
		-0.0223885	0.0903997	2.32335
	}
}
{Volume "wheelright2"
	{Polyhedron "wheelright2.vol"}
	{Bone "wheelr2"}
	{Matrix34
		0.984808	-0.173648	0
		-0.173648	-0.984808	0
		0	0	-1
		-0.0577507	0.116609	0.179475
	}
}
{Volume "wheelright3"
	{Polyhedron "wheelright3.vol"}
	{Bone "wheelr03"}
	{Matrix34
		0.984808	-0.173648	0
		-0.173648	-0.984808	0
		0	0	-1
		-0.0577507	0.116609	0.179475
	}
}
