;Exported by: vlss
;Date:        Wed Sep 07 12:58:08 2016
;File:        v1.obj
{Skeleton
	{bone "basis"
		{Orientation
			1	0	0
			0	-1	0
			0	0	1
		}
		{bone "body"
			{parameters "ID=body;"}
			{animation
				{sequence "break" {file "body_r.anm"}}
			}
			{Matrix34
				0.999394	0	0.0348185
				0	1	0
				-0.0348185	0	0.999394
				-48.7401	-0.278939	10.0175
			}
			{VolumeView "body.ply"}
			{bone "part6"
				{parameters "ID=engine;"}
				{animation
					{sequence "break" {file "engine_r.anm"}}
				}
				{Matrix34
					0.997317	-0.0452591	-0.057542
					0.0507355	0.993934	0.0975774
					0.0527767	-0.100235	0.993563
					93.2725	0.100976	20.6727
				}
				{VolumeView "part6.ply"}
			}
			{bone "visor1"
				{Position 66.8493	6.56785	28.7019}
			}
			{bone "visor"
				{Position 66.8073	5.68551	29.061}
			}
			{bone "part3"
				{parameters "ID=turret;"}
				{animation
					{sequence "break" {file "turret_r.anm"}}
				}
				{Matrix34
					0.988082	-0.0682408	-0.137978
					0.0896926	0.983711	0.155781
					0.1251	-0.1663	0.978108
					0	0	0
				}
				{VolumeView "part3.ply"}
			}
		}
		{bone "emit1"
			{Matrix34
				0	-1	0
				1	0	0
				0	0	1
				18.4657	27.6412	0
			}
		}
		{bone "emit2"
			{Matrix34
				0	1	0
				-1	0	0
				0	0	1
				17.9381	-28.7874	0
			}
		}
		{bone "pivot_back"
			{Position -37.5118	0.0177549	10.2905}
			{bone revolute "part7"
				{parameters "ID=wheelleft2;"}
				{animation
					{sequence "repair" {file "wheelleft2_r.anm"}}
				}
				{Matrix34
					-1	0	0
					0	0	1
					0	1	0
					-0.0830841	15.129	-0.0435753
				}
				{VolumeView "part7.ply"}
			}
			{bone revolute "wheelr2"
				{parameters "ID=wheelright2;"}
				{animation
					{sequence "repair" {file "wheelright2_r.anm"}}
				}
				{Matrix34
					-1	0	0
					0	0	1
					0	1	0
					-0.0883446	-13.3386	-0.031786
				}
				{VolumeView "wheelr2.ply"}
			}
			{bone revolute "wheelr03"
				{parameters "ID=wheelright2;"}
				{animation
					{sequence "repair" {file "wheelright2_r.anm"}}
				}
				{Matrix34
					-1	0	0
					0	0	1
					0	1	0
					-21.5118	-13.3386	-0.031786
				}
				{VolumeView "wheelr03.ply"}
			}
			{bone revolute "part5"
				{parameters "ID=wheelleft2;"}
				{animation
					{sequence "repair" {file "wheelleft2_r.anm"}}
				}
				{Matrix34
					-1	0	0
					0	0	1
					0	1	0
					-21.5066	15.129	-0.0435753
				}
				{VolumeView "part5.ply"}
			}
		}
		{bone "pivot_front"
			{Matrix34
				1	0	0
				0	1	0
				0	0	1
				35.0996	0.490735	10.8211
			}
			{bone revolute "steerr"
				{Matrix34
					1	0	0
					0	-1	0
					0	0	-1
					6.99646	-11.0959	-0.988314
				}
				{bone revolute "part2"
					{parameters "ID=wheelright1;Radius=0.5;"}
					{animation
						{sequence "break" {file "wheelright_r.anm"}}
					}
					{Matrix34
						-0.975917	0.215402	-0.0344732
						-0.020574	-0.248212	-0.968487
						-0.217171	-0.944454	0.246666
						-2.31352	4.967	-0.448543
					}
					{VolumeView "part2.ply"}
				}
			}
			{bone revolute "steerl"
				{Matrix34
					1	0	0
					0	-1	0
					0	0	-1
					7.11636	10.3423	-1.07363
				}
				{bone revolute "part1"
					{parameters "ID=wheelleft1;Radius=0.5;"}
					{animation
						{sequence "break" {file "wheelleft_r.anm"}}
					}
					{Matrix34
						-1	0	0
						0	0.573576	-0.819153
						0	-0.819153	-0.573576
						-2.42118	-5.76172	-0.521113
					}
					{VolumeView "part1.ply"}
				}
			}
		}
	}
}
{Volume "body1"
	{Box 80.2942 40.4394 14.8833}
	{Bone "body"}
	{Position -0.308402	0.778887	9.47994}
}
{Volume "body"
	{Box 54.5996 40.4394 20.9623}
	{Bone "body"}
	{Position 84.6897	0.778865	13.1535}
}
{Volume "engine"
	{Polyhedron "engine.vol"}
	{Bone "part6"}
	{Matrix34
		1	0	0
		0	1	0
		0	0	1
		2.67741	0.201608	-8.57629
	}
}
{Volume "fuel"
	{Box 16.7277 37.5455 8.62789}
	{Bone "body"}
	{Position 48.7266	0.00519291	4.73249}
}
{Volume "inventory"
	{Box 8.00369 20.5167 4.40198}
	{Bone "body"}
	{Position 30.4669	-0.0270302	3.40006}
}
{Volume "turret"
	{Box 210.345 16.5802 15.3025}
	{Bone "part3"}
	{Matrix34
		0.991256	0	0.131953
		0	1	0
		-0.131953	0	0.991256
		62.7927	0.0726927	40.7371
	}
}
{Volume "wheelleft1"
	{Polyhedron "wheelleft1.vol"}
	{Bone "part1"}
	{Matrix34
		0.984808	-0.173648	0
		-0.173648	-0.984808	0
		0	0	-1
		-0.00927353	0.103045	-0.159557
	}
}
{Volume "wheelleft2"
	{Polyhedron "wheelleft2.vol"}
	{Bone "part7"}
	{Matrix34
		0.984808	-0.173648	0
		-0.173648	-0.984808	0
		0	0	-1
		-0.0524788	0.128409	-0.0952234
	}
}
{Volume "wheelleft3"
	{Polyhedron "wheelleft3.vol"}
	{Bone "part5"}
	{Matrix34
		0.984808	-0.173648	0
		-0.173648	-0.984808	0
		0	0	-1
		-0.0524788	0.128409	-0.0952234
	}
}
{Volume "wheelright1"
	{Polyhedron "wheelright1.vol"}
	{Bone "part2"}
	{Matrix34
		0.984808	-0.173647	0
		-0.173647	-0.984808	0
		0	0	-1
		-0.0223846	0.0904007	2.32335
	}
}
{Volume "wheelright2"
	{Polyhedron "wheelright2.vol"}
	{Bone "wheelr2"}
	{Matrix34
		0.984808	-0.173648	0
		-0.173648	-0.984808	0
		0	0	-1
		-0.0577507	0.116609	0.179475
	}
}
{Volume "wheelright3"
	{Polyhedron "wheelright3.vol"}
	{Bone "wheelr03"}
	{Matrix34
		0.984808	-0.173648	0
		-0.173648	-0.984808	0
		0	0	-1
		-0.0577507	0.116609	0.179475
	}
}
