;Exported by: Георгий
;Date:        Mon Nov 22 20:13:48 2010
;File:        C:\Users\Георгий\Desktop\gaz-mm\gaz-aaa\x\gaz_aaa_x.max
{Skeleton
	{bone "basis"
		{Orientation
			1	0	0
			0	-1	0
			0	0	1
		}
		{bone "pivot_front"
			{parameters "ID=body;"}
			{Matrix34
				0	-1	0
				1	0	0
				0	0	1
				34.706	-0.00656907	8.72536
			}
			{VolumeView "pivot_front.ply"}
			{bone revolute "steer_l1"
				{parameters "ID=body;"}
				{Matrix34
					-1	0	0
					0	1	0
					0	0	-1
					-14.5265	1.06331	-0.330066
				}
				{VolumeView "steer_l1.ply"}
				{bone "fxtracel1"
					{Matrix34
						0	-0.999971	-0.00755717
						0	0.00755717	-0.999971
						1	0	0
						0.400917	0.0829697	8.65429
					}
				}
				{bone revolute "wheell1"
					{parameters "ID=wheelleft1;"}
					{Matrix34
						0	0	-1
						0	1	0
						1	0	0
						0.581552	0	0
					}
					{VolumeView "wheell1.ply"}
				}
			}
			{bone revolute "steer_r1"
				{parameters "ID=body;"}
				{Matrix34
					-1	0	0
					0	1	0
					0	0	-1
					14.5265	1.06333	-0.33007
				}
				{VolumeView "steer_r1.ply"}
				{bone "fxtracer1"
					{Matrix34
						0	-0.999971	-0.00755778
						0	0.00755778	-0.999971
						1	0	0
						-0.314952	0.0828552	8.65428
					}
				}
				{bone revolute "wheelr1"
					{parameters "ID=wheelright1;"}
					{Matrix34
						0	0	1
						0	-1	0
						1	0	0
						-0.581542	0	0
					}
					{VolumeView "wheelr1.ply"}
				}
			}
		}
		{bone "pivot_back"
			{parameters "ID=body;"}
			{Matrix34
				0	-1	0
				1	0	0
				0	0	1
				-13.36	-0.00656012	8.39529
			}
			{VolumeView "pivot_back.ply"}
			{bone "wheell2"
				{parameters "ID=wheelleft2;"}
				{Matrix34
					0	0	1
					0	1	0
					-1	0	0
					-17.8743	-7.22361	0
				}
				{VolumeView "wheell2.ply"}
			}
			{bone "wheelr2"
				{parameters "ID=wheelright2;"}
				{Matrix34
					0	0	1
					0	1	0
					-1	0	0
					17.8743	-7.22361	0
				}
				{VolumeView "wheelr2.ply"}
			}
			{bone "wheell3"
				{parameters "ID=wheelleft2;"}
				{Matrix34
					0	0	1
					0	1	0
					-1	0	0
					-17.8743	-26.5611	0
				}
				{VolumeView "wheell3.ply"}
			}
			{bone "wheelr3"
				{parameters "ID=wheelright2;"}
				{Matrix34
					0	0	1
					0	1	0
					-1	0	0
					17.8743	-26.5611	0
				}
				{VolumeView "wheelr3.ply"}
			}
		}
		{bone "body"
			{parameters "ID=body;"}
			{Matrix34
				0	-1	0
				1	0	0
				0	0	1
				-6.88974	-0.0065615	14.7713
			}
			{VolumeView "body.ply"}
			{bone "body_back"
				{parameters "ID=bodyback;"}
				{Matrix34
					0	1	0
					-1	0	0
					0	0	1
					0.147392	-33.1583	-2.06508
				}
				{VolumeView "body_back.ply"}
				{bone revolute "turret"
					{parameters "ID=turret;"}
					{animation
						{sequence "break" {file "turret_b.anm"}}
					}
					{limits -135 135}
					{Position 4.07217	-0.142474	16.7461}
					{VolumeView "turret.ply"}
					{bone "shield"
						{parameters "ID=turret;"}
						{Position -1.07451	0.290471	0.340298}
						{VolumeView "shield.ply"}
					}
					{bone revolute "gun_rot"
						{parameters "ID=gun;"}
						{limits -6 20}
						{Matrix34
							-1	0	0
							0	0	1
							0	1	0
							-1.21236	-0.238877	2.29069
						}
						{VolumeView "gun_rot.ply"}
						{bone "gun"
							{parameters "ID=gun;"}
							{animation
								{sequence "break" {file "gun_b.anm"}}
							}
							{Matrix34
								1	0	0
								0	0	-1
								0	1	0
								-9.64682	4.94642	0.544953
							}
							{VolumeView "gun.ply"}
						}
					}
				}
			}
			{bone "cabin"
				{parameters "ID=cabin;"}
				{Position -0.000321961	16.1918	11.6851}
				{VolumeView "cabin.ply"}
				{bone "doorl"
					{parameters "ID=cabin;"}
					{Matrix34
						0.999995	0.00308784	-5.46853e-005
						-0.00308785	0.999995	-0.000135032
						5.42681e-005	0.000135201	1
						-12.1135	2.91228	-1.34764
					}
					{VolumeView "doorl.ply"}
					{bone "glass1"
						{parameters "ID=glass;"}
						{Matrix34
							0.999995	-0.00308743	5.4272e-005
							0.00308744	0.999995	-0.000135032
							-5.38549e-005	0.000135199	1
							12.0913	-6.97487	6.88695
						}
						{VolumeView "glass1.ply"}
					}
				}
				{bone "doorr"
					{parameters "ID=cabin;"}
					{Matrix34
						0.999995	-0.00308743	5.4272e-005
						0.00308744	0.999995	-0.000135032
						-5.38549e-005	0.000135199	1
						12.2885	2.9122	-1.34756
					}
					{VolumeView "doorr.ply"}
					{bone "glass2"
						{parameters "ID=glass;"}
						{Matrix34
							0.999995	0.00308784	-5.46853e-005
							-0.00308785	0.999995	-0.000135032
							5.42681e-005	0.000135201	1
							-12.2669	-6.97542	6.88696
						}
						{VolumeView "glass2.ply"}
					}
				}
				{bone "glass"
					{parameters "ID=glass;"}
					{Position 0	-4.02603	5.5378}
					{VolumeView "glass.ply"}
				}
			}
			{bone "engine"
				{parameters "ID=engine;"}
				{Position 0	35.0013	3.45021}
				{VolumeView "engine.ply"}
				{bone "fxfire1"
					{Matrix34
						0	-0.00755748	0.999972
						-3.07295e-005	-0.999972	-0.00755748
						1	-3.0734e-005	0
						-0.235675	-0.00912285	5.70522
					}
				}
				{bone "fxsteam"
					{Matrix34
						0	-0.00755844	0.999971
						0	-0.999971	-0.00755844
						1	0	0
						-0.0959442	8.49681	9.79798
					}
				}
			}
		}
	}
}
