;Exported by: Jagdpanther
;Date:        Fri Dec 17 22:04:50 2010
;File:        D:\Δενθρ\3DS MAX\fr_veh2.max
{Skeleton
	{animation
		{sequence "start" {speed 0.6}}
		{sequence "stop" {speed 0.6}}
		{sequence "doorleft" {speed 0.5}}
		{sequence "doorright" {speed 0.5}}
	}
	{bone "basis"
		{parameters "SteerMax=20;Wheelradius=0.55;"}
		{Orientation
			1	0	0
			0	-1	0
			0	0	1
		}
		{bone "body"
			{parameters "ID=body;"}
			{Matrix34
				0	1	0
				-1	0	0
				0	0	1
				-0.980605	0.10545	14.8287
			}
			{VolumeView "body.ply"}
			{bone "cabin"
				{parameters "ID=Cabin;"}
				{Position 1.26397	-46.2992	15.7958}
				{VolumeView "cabin.ply"}
				{bone "doorr"
					{parameters "ID=Cabin;"}
					{Position -19.8371	3.76239	-1.53105}
					{VolumeView "doorr.ply"}
					{bone "glass1"
						{parameters "ID=glass;"}
						{Position 0.322477	7.21237	10.2758}
						{VolumeView "glass1.ply"}
					}
				}
				{bone "doorl"
					{parameters "ID=Cabin;"}
					{Position 16.175	3.78565	-1.55436}
					{VolumeView "doorl.ply"}
					{bone "glass2"
						{parameters "ID=glass;"}
						{Position -0.737793	7.2132	10.2755}
						{VolumeView "glass2.ply"}
					}
				}
				{bone "glass"
					{parameters "ID=glass;"}
					{Position -2.24872	-2.82343	9.24116}
					{VolumeView "glass.ply"}
				}
				{bone "headlightl"
					{Matrix34
						0	-0.999971	0.00755728
						0.000603751	0.00755737	0.999971
						-1	0	0.000603918
						10.9799	-16.8334	-8.95195
					}
				}
				{bone "headlightr"
					{Matrix34
						0	-0.999971	0.00755728
						0.000603751	0.00755737	0.999971
						-1	0	0.000603918
						-15.5338	-16.8126	-8.91413
					}
				}
				{bone "engine"
					{Matrix34
						0.999964	0.00851835	-0.000605281
						-0.00851836	0.999964	0
						0.000604822	0	1
						-2.13617	-12.1057	-5.15868
					}
				}
				{bone "commander"
					{Matrix34
						0	-0.984808	0.173648
						1	-0.000105449	-0.000594994
						0.000604264	0.173648	0.984808
						-9.79743	8.93693	-12.2755
					}
				}
				{bone "driver"
					{Matrix34
						5.40726e-005	-0.963942	0.266112
						1	-0.000105425	-0.000585138
						0.000592076	0.266112	0.963942
						5.05632	8.63749	-12.3544
					}
				}
				{bone "fxfire1"
					{Matrix34
						0.000604627	0.00755904	0.999971
						2.81324e-005	0.999971	-0.00755917
						-1	3.48824e-005	0.000603955
						-2.10794	-13.3882	-4.73433
					}
				}
				{bone "fxlight"
					{Matrix34
						0	-0.999971	0.00755728
						0.000603751	0.00755737	0.999971
						-1	0	0.000603918
						-2.15028	-16.7876	-8.97195
					}
				}
				{bone "visor"
					{Matrix34
						0	-0.999971	0.00755729
						0.000603797	0.00755735	0.999971
						-1	0	0.00060388
						4.42831	-7.77673	10.2056
					}
				}
			}
			{bone "bodyback"
				{parameters "ID=bodyback;"}
				{Position -0.155092	13.9688	10.1429}
				{VolumeView "bodyback.ply"}
				{bone "gunback"
					{parameters "ID=bodyback;"}
					{Position 0.363285	6.2507	3.12459}
					{bone revolute "turret"
						{parameters "ID=turret;"}
						{speed 0.01}
						{Position 0.0188704	0.458736	5.79609}
						{bone revolute "gun_rot"
							{parameters "ID=gun;"}
							{limits -8 22}
							{speed 0.01}
							{Matrix34
								0	1	0
								0	0	1
								1	0	0
								0.355537	-4.66438	13.1905
							}
							{bone "gun"
								{parameters "ID=gun;"}
								{Matrix34
									0	0	1
									1	0	0
									0	1	0
									-21.59	1.76725	-0.615914
								}
							}
						}
					}
				}
				{bone "eng"
					{parameters "ID=bodyback;"}
					{Position -0.0850277	-2.56922	5.56626}
					{VolumeView "eng.ply"}
				}
				{bone "shield"
					{parameters "ID=Shield;"}
					{Position 0.631028	2.34171	20.5892}
					{VolumeView "shield.ply"}
				}
				{bone "doorb"
					{parameters "ID=bodyback;"}
					{Position 0.502621	40.859	5.81508}
					{VolumeView "doorb.ply"}
				}
				{bone "detail2"
					{Position -13.5872	12.7371	2.97374}
					{VolumeView "detail2.ply"}
				}
				{bone "detail1"
					{Position -0.0814589	0.256969	20.6984}
					{VolumeView "detail1.ply"}
				}
				{bone "seat09"
					{Matrix34
						0.984808	0	0.173648
						0.0001054	1	-0.000594994
						-0.173648	0.000604256	0.984808
						-11.1333	34.5261	-1.32996
					}
				}
				{bone "seat02"
					{Matrix34
						-0.984808	0	0.173648
						-0.00010561	-1	-0.000594994
						0.173648	-0.000604292	0.984808
						10.5212	-32.4834	-1.22018
					}
				}
				{bone "seat01"
					{Matrix34
						0.984808	0	0.173648
						0.0001054	1	-0.000594994
						-0.173648	0.000604256	0.984808
						-11.162	-32.4921	-1.3375
					}
				}
				{bone "seat03"
					{Matrix34
						0.984808	0	0.173648
						0.0001054	1	-0.000594994
						-0.173648	0.000604256	0.984808
						-11.1618	-14.528	-1.33751
					}
				}
				{bone "seat04"
					{Matrix34
						-0.984808	0	0.173648
						-0.00010561	-1	-0.000594994
						0.173648	-0.000604292	0.984808
						11.1407	-14.528	-1.3834
					}
				}
				{bone "seat05"
					{Matrix34
						0.984808	0	0.173648
						0.0001054	1	-0.000594994
						-0.173648	0.000604256	0.984808
						-11.1618	3.21612	-1.33753
					}
				}
				{bone "seat06"
					{Matrix34
						-0.984808	0	0.173648
						-0.00010561	-1	-0.000594994
						0.173648	-0.000604292	0.984808
						11.1406	3.24125	-1.38337
					}
				}
				{bone "seat07"
					{Matrix34
						0.984808	0	0.173648
						0.0001054	1	-0.000594994
						-0.173648	0.000604256	0.984808
						-11.133	18.5999	-1.32983
					}
				}
				{bone "seat08"
					{Matrix34
						-0.984808	0	0.173648
						-0.00010561	-1	-0.000594994
						0.173648	-0.000604292	0.984808
						11.3221	18.6	-1.43209
					}
				}
				{bone "seat10"
					{Matrix34
						-0.984808	0	0.173648
						-0.00010561	-1	-0.000594994
						0.173648	-0.000604292	0.984808
						11.0054	34.5262	-1.34706
					}
				}
			}
			{bone "fxsmoke1"
				{Matrix34
					0.865999	0.499989	-0.00755757
					0.00684727	0.00325533	0.999971
					0.499999	-0.866026	-0.000604384
					12.3625	2.04817	-0.381224
				}
			}
		}
		{bone "pivot_front"
			{parameters "ID=body;"}
			{Matrix34
				0	1	0
				-1	0	0
				0	0	1
				49.5587	-0.7561	10.2672
			}
			{VolumeView "pivot_front.ply"}
			{bone revolute "steer_r1"
				{parameters "ID=body;"}
				{Matrix34
					0	-0.999972	0.00755732
					-1	0	0.000604997
					-0.00060539	-0.00755729	-0.999971
					-14.3072	-0.174438	4.11392
				}
				{bone revolute "wheelr1"
					{parameters "ID=trackright1;"}
					{Matrix34
						-0.999972	0	0.00755733
						-0.0075573	-0.000605974	-0.999971
						0	-1	0.000604973
						-0.31805	0.615242	4.35106
					}
					{VolumeView "wheelr1.ply"}
					{bone "fxtracer1"
						{Matrix34
							0.999971	0.00755783	0
							-0.0075578	0.999971	0.00060565
							0	-0.000604333	1
							0.465794	-9.94747	-0.0105
						}
					}
				}
			}
			{bone revolute "steer_l1"
				{parameters "ID=body;"}
				{Matrix34
					0	-0.999972	0.00755605
					-1	0	0.00060437
					-0.000604254	-0.00755603	-0.999971
					15.1451	-0.466633	4.09796
				}
				{bone revolute "wheell1"
					{parameters "ID=trackleft1;"}
					{Matrix34
						-0.999972	0	0.00755592
						-0.00755586	-0.00060413	-0.999971
						0	-1	0.000604409
						-0.653088	-1.08696	4.29583
					}
					{VolumeView "wheell1.ply"}
					{bone "fxtracel1"
						{Matrix34
							-0.999362	-0.0357208	4.73741e-005
							0.0357209	-0.99936	0.0018119
							-1.77064e-005	0.00181197	0.999998
							0.424137	-10.0023	0.679557
						}
					}
				}
			}
		}
		{bone "pivot_back"
			{parameters "ID=body;"}
			{Matrix34
				0	1	0
				-1	0	0
				0	0	1
				5.69409	0.425612	10.4847
			}
			{VolumeView "pivot_back.ply"}
			{bone revolute "wheell2"
				{parameters "ID=trackleft2;"}
				{Matrix34
					0	1	0
					0	0	1
					1	0	0
					13.5106	41.7708	-0.365832
				}
				{VolumeView "wheell2.ply"}
				{bone "fxtracel2"
					{Matrix34
						-0.999971	-0.00755727	0
						0.00755729	-0.999971	-0.00060446
						0	-0.000604578	1
						0.0209351	-10.1231	-0.89192
					}
				}
			}
			{bone revolute "wheelr2"
				{parameters "ID=trackright2;"}
				{Matrix34
					0	1	0
					0	0	1
					1	0	0
					-13.313	41.7437	-0.292895
				}
				{VolumeView "wheelr2.ply"}
				{bone "fxtracer2"
					{Matrix34
						0.999971	0.00755781	0
						-0.00755783	0.999971	0.000604401
						0	-0.000604735	1
						0.0480919	-10.1802	-1.04791
					}
				}
			}
		}
		{bone "emit4"
			{Position -67.7236	-8.54684	0}
			{visibility 0}
		}
		{bone "emit3"
			{Position -67.7236	6.68094	0}
			{visibility 0}
		}
		{bone "emit1"
			{Matrix34
				0	-1	0
				1	0	0
				0	0	1
				29.7503	24.8779	-0.0219451
			}
			{visibility 0}
		}
		{bone "emit2"
			{Matrix34
				0	1	0
				-1	0	0
				0	0	1
				29.7499	-25.0275	-0.0219451
			}
			{visibility 0}
		}
		{bone "link2"
			{Matrix34
				-1	0	0
				0	-1	0
				0	0	1
				-45.1573	-0.128739	13.5848
			}
			{visibility 0}
		}
	}
}
{Volume "body"
	{Polyhedron "body.vol"}
	{Bone "body"}
	{Matrix34
		-1	0	0
		0	-1	0
		0	0	1
		0.863616	11.6121	-6.64634
	}
}
{Volume "bodyback"
	{Polyhedron "bodyback.vol"}
	{Bone "bodyback"}
	{Matrix34
		-1	0	0
		0	-1	0
		0	0	1
		-0.424959	-1.97345	4.54541
	}
}
{Volume "cabin2"
	{Box 19.495 34.3777 4.56032}
	{Bone "cabin"}
	{Matrix34
		0	-1	0
		1	0	0
		0	0	1
		-1.36945	9.03312	16.9964
	}
}
{Volume "cabin"
	{Polyhedron "cabin.vol"}
	{Bone "cabin"}
	{Matrix34
		-1	0	0
		0	-1	0
		0	0	1
		-1.68521	7.84134	-11.5827
	}
}
{Volume "engine"
	{Box 2.23218 10.5734 15.5628}
	{Bone "engine"}
	{Matrix34
		-0.00797604	-0.906273	0.422618
		0.999964	-0.00851847	0.000604807
		0.0030516	0.422608	0.906308
		0.748667	-2.21957	-1.34267
	}
}
{Volume "glass1"
	{Polyhedron "glass1.vol"}
	{Bone "glass1"}
	{Matrix34
		-1	0	0
		0	-1	0
		0	0	1
		-0.958708	-0.0832176	-4.60089
	}
}
{Volume "glass2"
	{Polyhedron "glass2.vol"}
	{Bone "glass2"}
	{Matrix34
		-1	0	0
		0	-1	0
		0	0	1
		1.03903	-0.107162	-4.5773
	}
}
{Volume "glass"
	{Polyhedron "glass.vol"}
	{Bone "glass"}
	{Matrix34
		-1	-0.000217192	7.45141e-005
		-3.62917e-005	-0.906308	0.422618
		-1.62565e-005	0.422618	0.906308
		0.751037	-1.42126	0.302376
	}
}
{Volume "gun"
	{Box 2.41761 57.8168 2.72604}
	{Bone "gun"}
	{Matrix34
		0.888277	0	0
		0	0.888277	0
		0	0	0.888277
		-0.157052	9.41161	-0.880899
	}
}
{Volume "shield"
	{Polyhedron "shield.vol"}
	{Bone "shield"}
	{Matrix34
		0	-1	0
		-0.0199759	0	0.9998
		-0.999954	0	-0.00957622
		-0.125091	-0.963409	0.93132
	}
}
{Volume "turret"
	{Polyhedron "turret.vol"}
	{Bone "turret"}
	{Position -0.417473	0.00128937	1.78899}
}
{Volume "wheelleft1"
	{Cylinder 9.92319 5.62623}
	{Bone "wheell1"}
	{Matrix34
		0.999886	0.0151111	0
		-0.0151112	0.999885	-0.00120854
		0	0.00120816	0.999999
		0.0122576	-0.0137474	-0.159879
	}
}
{Volume "wheelleft2"
	{Cylinder 9.92319 11.365}
	{Bone "wheell2"}
	{Position -0.0463704	-0.0687621	-0.02843}
}
{Volume "wheelright1"
	{Cylinder 9.92319 5.77049}
	{Bone "wheelr1"}
	{Matrix34
		0.999886	0.015114	0
		-0.015114	0.999885	-0.00121051
		0	0.00121082	0.999999
		0.0549582	0.0222462	-0.415496
	}
}
{Volume "wheelright2"
	{Cylinder 9.92319 11.2525}
	{Bone "wheelr2"}
	{Position -0.0194599	-0.141716	-0.0153275}
}
