;Model created by: Albus
;date : Dec 2008
{Skeleton
	{bone "Basis"
		{Orientation
			1.0000	0.0000	0.0000
			0.0000	-1.0000	0.0000
			0.0000	0.0000	1.0000
		}
		{bone "pivot_front"
			{Position 41.5227	-0.7740	10.6202}
			{VolumeView "pivot_front.ply"}
			{bone revolute "steer_L"
				{Matrix34
					-0.9998	-0.0000	0.0175
					0.0000	1.0000	-0.0000
					-0.0175	0.0000	-0.9998
					0.0985	14.8029	-1.9376
				}
				{bone revolute "wheelL1"
					{parameters "ID=wheelleft1;"}
					{Matrix34
						1.0000	0.0000	-0.0000
						-0.0000	-0.0000	-1.0000
						-0.0000	1.0000	-0.0000
						0.0000	0.7637	1.9685
					}
					{VolumeView "wheelL1.ply"}
				}
			}
			{bone revolute "steer_R"
				{Matrix34
					-1.0000	0.0000	0.0000
					0.0000	1.0000	-0.0000
					-0.0000	0.0000	-1.0000
					0.1120	-14.9170	-1.9466
				}
				{bone revolute "wheelR1"
					{parameters "ID=wheelright1;"}
					{Matrix34
						-1.0000	0.0000	-0.0000
						0.0000	0.0000	1.0000
						0.0000	1.0000	0.0000
						0.0000	-4.4849	1.9685
					}
					{VolumeView "wheelR1.ply"}
				}
			}
		}
		{bone "pivot_back"
			{parameters "ID=body;"}
			{Position -39.7542	-0.7740	10.1207}
			{VolumeView "pivot_back.ply"}
			{bone revolute "spring_L"
				{Matrix34
					0.9998	-0.0000	0.0175
					-0.0000	1.0000	-0.0000
					-0.0175	-0.0000	0.9998
					-0.7272	12.0909	-1.3720
				}
			}
			{bone revolute "spring_R"
				{Matrix34
					0.9998	0.0000	0.0175
					0.0000	1.0000	-0.0000
					-0.0175	-0.0000	0.9998
					-0.7338	-10.6728	-1.6240
				}
				{bone revolute "wheelR2"
					{parameters "ID=wheelright2;"}
					{Matrix34
						-0.9998	0.0000	0.0175
						0.0131	-0.6643	0.7473
						0.0116	0.7475	0.6642
						0.9081	-5.8010	1.5342
					}
					{VolumeView "wheelR2.ply"}
				}
			}
			{bone revolute "wheelL2"
				{parameters "ID=wheelleft2;"}
				{Matrix34
					-1.0000	0.0000	-0.0000
					-0.0000	0.0000	1.0000
					0.0000	1.0000	0.0000
					0.1473	16.0241	-0.0741
				}
				{VolumeView "wheelL2.ply"}
			}
		}
		{bone "body"
			{parameters "ID=body;"}
			{Matrix34
				0.9992	-0.0000	-0.0389
				0.0000	1.0000	-0.0000
				0.0389	0.0000	0.9992
				-1.9803	-0.1993	18.2946
			}
			{VolumeView "body.ply"}
			{bone "cabin"
				{parameters "ID=cabin;"}
				{Matrix34
					0.9890	-0.0001	0.1476
					0.0001	1.0000	-0.0000
					-0.1476	0.0000	0.9890
					22.1893	-0.0012	-2.4581
				}
				{VolumeView "cabin.ply"}
			}
			{bone "engine"
				{parameters "ID=engine;"}
				{Matrix34
					0.9926	-0.0001	0.1211
					0.0001	1.0000	-0.0000
					-0.1211	0.0000	0.9926
					22.7220	-0.0040	-2.4562
				}
				{VolumeView "engine.ply"}
			}
			{bone "part1"
				{Matrix34
					0.9948	0.0000	0.1016
					0.0000	1.0000	-0.0000
					-0.1016	0.0000	0.9948
					50.3809	0.7782	5.6867
				}
				{VolumeView "part1.ply"}
			}
			{bone "part2"
				{Matrix34
					0.0000	-1.0000	0.0000
					1.0000	0.0000	0.0000
					0.0000	0.0000	1.0000
					0.0000	-13.4000	0.0000
				}
				{VolumeView "part2.ply"}
			}
			{bone "part3"
				{Matrix34
					0.0000	0.0000	1.0000
					0.0000	1.0000	0.0000
					-1.0000	0.0000	0.0000
					2.4000	10.8000	12.0000
				}
				{VolumeView "part3.ply"}
			}
		}
	}
}
{Volume "body"
	{Box 125.863 20.469 7.15811}
	{Bone "body"}
	{Position -2.1071	-0.6497	-2.0488}
}
{Volume "part3"
	{Box 15.159 24.5883 24.5883}
	{Bone "part3"}
	{Matrix34
		0.9992	-0.0000	0.0389
		0.0000	1.0000	0.0000
		-0.0389	0.0000	0.9992
		1.1900	-0.4289	12.1592
	}
}
{Volume "part2"
	{Box 15.159 24.5883 24.5883}
	{Bone "part2"}
	{Position 0.2000	-0.0999	11.8000}
}
{Volume "part1"
	{Box 24.1191 15.5716 9.47839}
	{Bone "part1"}
	{Matrix34
		0.9973	-0.0350	-0.0650
		0.0231	0.9842	-0.1754
		0.0701	0.1734	0.9824
		0.1736	0.8008	1.8974
	}
}
{Volume "engine"
	{Box 28.0755 20.5527 12.148}
	{Bone "engine"}
	{Matrix34
		0.9709	0.0471	-0.2350
		-0.0475	0.9989	0.0039
		0.2349	0.0074	0.9720
		27.3404	-1.3764	4.0374
	}
}
{Volume "cabin"
	{Polyhedron "cabin.vol"}
	{Bone "cabin"}
	{Matrix34
		0.9998	0.0001	-0.0196
		-0.0001	1.0000	0.0000
		0.0196	-0.0000	0.9998
		0.5302	-0.5737	-0.3817
	}
}
{Volume "wheelright2"
	{Cylinder 5.53784 3.57464}
	{Bone "wheelR2"}
	{Matrix34
		-0.9998	0.0168	-0.0048
		0.0153	0.9737	0.2274
		0.0085	0.2273	-0.9738
		-0.3534	-1.1786	2.3109
	}
}
{Volume "wheelright1"
	{Cylinder 5.1975 3.26856}
	{Bone "wheelR1"}
	{Matrix34
		-0.6987	-0.6986	-0.1540
		0.7149	-0.6745	-0.1840
		0.0246	-0.2387	0.9708
		-0.0762	-0.2193	2.4214
	}
}
{Volume "wheelleft1"
	{Cylinder 5.28406 3.49738}
	{Bone "wheelL1"}
	{Matrix34
		-0.7612	-0.6235	-0.1786
		-0.6486	0.7320	0.2087
		0.0006	0.2747	-0.9615
		0.0253	0.8370	1.1411
	}
}
