;Exported by: vlss
;Date:        Mon May 02 18:44:10 2016
;File:        pz6bh.obj
{Skeleton
	{animation
		{sequence "start"}
		{sequence "stop"}
		{sequence "fire"}
		{sequence "move"}
		{sequence "hit"}
		{sequence "open" {resume}}
		{sequence "open_driver" {resume}}
		{sequence "mgun"}
	}
	{bone "basis"
		{parameters "Wheelradius=0.4;"}
		{Orientation
			1	0	0
			0	-1	0
			0	0	1
		}
		{bone "emit1"
			{Matrix34
				-1	0	0
				0	-1	0
				0	0	1
				79.5485	11.4325	0
			}
		}
		{bone "wheelsr"
			{parameters "ID=trackright;"}
			{Position 2.56716	-20.4674	11.0003}
			{VolumeView "wheelsr.ply"}
			{bone "fxtracer1"
				{Matrix34
					-1	0	0
					0	-1	0
					0	0	1
					-11.371	-6.82366	-10.2091
				}
			}
			{bone "fxtracer2"
				{Matrix34
					-0.965926	0	0.258819
					0	-1	0
					0.258819	0	0.965926
					-52.1022	-6.63929	-7.91409
				}
			}
			{bone "fxtracer3"
				{Matrix34
					-0.965926	0	0.258819
					0	-1	0
					0.258819	0	0.965926
					-45.6047	-6.72756	-10.9293
				}
			}
			{bone "fxtracer4"
				{Matrix34
					0.665766	0	-0.746161
					0	-1	0
					-0.746161	0	-0.665766
					61.7273	-6.72753	2.55832
				}
			}
			{bone "trackr"
				{parameters "ID=trackright;"}
				{Matrix34
					1	0	0
					0	1	0
					0	0	1
					-2.00886	-7.52934	2.59022
				}
				{VolumeView "trackr.ply"}
			}
			{bone revolute "wheelr01"
				{parameters "ID=trackright;"}
				{Matrix34
					-1	0	0
					0	0	1
					0	1	0
					36.9226	-6.17644	-0.741102
				}
				{VolumeView "wheelr01.ply"}
			}
			{bone revolute "wheelr02"
				{parameters "ID=trackright;"}
				{Matrix34
					-1	0	0
					0	0	1
					0	1	0
					26.6462	-5.83041	-0.741091
				}
				{VolumeView "wheelr02.ply"}
			}
			{bone revolute "wheelr03"
				{parameters "ID=trackright;"}
				{Matrix34
					-1	0	0
					0	0	1
					0	1	0
					16.1946	-6.17644	-0.741102
				}
				{VolumeView "wheelr03.ply"}
			}
			{bone revolute "wheelr04"
				{parameters "ID=trackright;"}
				{Matrix34
					-1	0	0
					0	0	1
					0	1	0
					5.95544	-5.8304	-0.741091
				}
				{VolumeView "wheelr04.ply"}
			}
			{bone revolute "wheelr05"
				{parameters "ID=trackright;"}
				{Matrix34
					-1	0	0
					0	0	1
					0	1	0
					-4.45003	-6.17644	-0.741102
				}
				{VolumeView "wheelr05.ply"}
			}
			{bone revolute "wheelr06"
				{parameters "ID=trackright;"}
				{Matrix34
					-1	0	0
					0	0	1
					0	1	0
					-14.8116	-5.8304	-0.741091
				}
				{VolumeView "wheelr06.ply"}
			}
			{bone revolute "wheelr07"
				{parameters "ID=trackright;"}
				{Matrix34
					-1	0	0
					0	0	1
					0	1	0
					-25.1577	-6.17643	-0.741102
				}
				{VolumeView "wheelr07.ply"}
			}
			{bone revolute "wheelr08"
				{parameters "ID=trackright;"}
				{Matrix34
					-1	0	0
					0	0	1
					0	1	0
					-35.5517	-5.83039	-0.741091
				}
				{VolumeView "wheelr08.ply"}
			}
			{bone revolute "wheelr09"
				{parameters "ID=trackright;"}
				{Matrix34
					-1	0	0
					0	0	1
					0	1	0
					-45.963	-6.17643	-0.741102
				}
				{VolumeView "wheelr09.ply"}
			}
		}
		{bone "wheelsl"
			{parameters "ID=trackleft;"}
			{Position -4.17726	20.1947	10.8945}
			{VolumeView "wheelsl.ply"}
			{bone "fxtracel1"
				{Matrix34
					-1	0	0
					0	-1	0
					0	0	1
					-4.62653	7.81855	-10.0821
				}
			}
			{bone "fxtracel2"
				{Matrix34
					-0.965926	0	0.258819
					0	-1	0
					0.258819	0	0.965926
					-45.3578	7.81854	-7.82811
				}
			}
			{bone "fxtracel3"
				{Matrix34
					-0.965926	0	0.258819
					0	-1	0
					0.258819	0	0.965926
					-38.8603	7.86993	-10.8477
				}
			}
			{bone "fxtracel4"
				{Matrix34
					0.665766	0	-0.746161
					0	-1	0
					-0.746161	0	-0.665765
					68.4848	7.86996	2.68375
				}
			}
			{bone "trackl"
				{parameters "ID=trackleft;"}
				{Position 4.73524	7.55668	2.69559}
				{VolumeView "trackl.ply"}
			}
			{bone revolute "wheell01"
				{parameters "ID=trackleft;"}
				{Matrix34
					-1	0	0
					0	0	1
					0	1	0
					47.9404	6.18421	-0.635207
				}
				{VolumeView "wheell01.ply"}
			}
			{bone revolute "wheell02"
				{parameters "ID=trackleft;"}
				{Matrix34
					-1	0	0
					0	0	1
					0	1	0
					37.6641	6.7315	-0.635221
				}
				{VolumeView "wheell02.ply"}
			}
			{bone revolute "wheell03"
				{parameters "ID=trackleft;"}
				{Matrix34
					-1	0	0
					0	0	1
					0	1	0
					27.2124	6.18422	-0.635207
				}
				{VolumeView "wheell03.ply"}
			}
			{bone revolute "wheell04"
				{parameters "ID=trackleft;"}
				{Matrix34
					-1	0	0
					0	0	1
					0	1	0
					16.9733	6.7315	-0.635221
				}
				{VolumeView "wheell04.ply"}
			}
			{bone revolute "wheell05"
				{parameters "ID=trackleft;"}
				{Matrix34
					-1	0	0
					0	0	1
					0	1	0
					6.56783	6.18422	-0.635207
				}
				{VolumeView "wheell05.ply"}
			}
			{bone revolute "wheell06"
				{parameters "ID=trackleft;"}
				{Matrix34
					-1	0	0
					0	0	1
					0	1	0
					-3.79373	6.73151	-0.635221
				}
				{VolumeView "wheell06.ply"}
			}
			{bone revolute "wheell07"
				{parameters "ID=trackleft;"}
				{Matrix34
					-1	0	0
					0	0	1
					0	1	0
					-14.1399	6.18423	-0.635207
				}
				{VolumeView "wheell07.ply"}
			}
			{bone revolute "wheell08"
				{parameters "ID=trackleft;"}
				{Matrix34
					-1	0	0
					0	0	1
					0	1	0
					-24.5338	6.73152	-0.635221
				}
				{VolumeView "wheell08.ply"}
			}
			{bone revolute "wheell09"
				{parameters "ID=trackleft;"}
				{Matrix34
					-1	0	0
					0	0	1
					0	1	0
					-34.9451	6.18424	-0.635207
				}
				{VolumeView "wheell09.ply"}
			}
		}
		{bone "emit2"
			{Matrix34
				0	-1	0
				1	0	0
				0	0	1
				-4.76998	51.8303	0
			}
		}
		{bone "emit3"
			{Matrix34
				0	-1	0
				1	0	0
				0	0	1
				-48.7762	51.3497	0
			}
		}
		{bone "emit4"
			{Matrix34
				0	-1	0
				1	0	0
				0	0	1
				-66.6734	51.3497	0
			}
		}
		{bone "emit5"
			{Matrix34
				0	1	0
				-1	0	0
				0	0	1
				-45.5167	-53.8898	0
			}
		}
		{bone "emit6"
			{Matrix34
				0	1	0
				-1	0	0
				0	0	1
				-63.4403	-53.8898	0
			}
		}
		{bone "body"
			{parameters "ID=body;"}
			{animation
				{sequence "repair" {file "body_r.anm"}}
			}
			{Matrix34
				0.999986	-0.00523572	-0.00104896
				0.00523572	0.999986	0
				0.00104896	0	0.999999
				0.52892	0.0774831	9.7094
			}
			{VolumeView "body.ply"}
			{bone revolute "turret"
				{parameters "ID=turret;"}
				{animation
					{sequence "repair" {file "turret_r.anm"}}
				}
				{speed 0.01}
				{Matrix34
					0.999984	0.00523498	0.0021739
					-0.00523498	0.999986	0
					-0.0021739	0	0.999998
					-2.71441	-0.310765	28.5527
				}
				{VolumeView "turret.ply"}
				{bone revolute "gun_rot"
					{parameters "ID=mantlet;"}
					{animation
						{sequence "repair" {file "Gun_rot_r.anm"}}
					}
					{limits -10 10}
					{speed 0.01}
					{Matrix34
						1	0	0
						0	0	-1
						0	1	0
						26.159	-1.28493	7.00697
					}
					{VolumeView "gun_rot.ply"}
					{bone "gun"
						{parameters "ID=gun;"}
						{animation
							{sequence "repair" {file "gun_r.anm"} {speed 0.9}}
						}
						{Matrix34
							1	0	0
							0	0	1
							0	-1	0
							17.8476	9.19516	-0.216371
						}
						{VolumeView "gun.ply"}
						{bone prizmatic "foresight1"
							{Matrix34
								1	0	0
								0	0	1
								0	-1	0
								79.6672	0.964399	8.53856
							}
						}
					}
					{bone "visor1"
						{Matrix34
							1	0	0
							0	0	1
							0	-1	0
							2.54884	0.147125	8.67983
						}
					}
					{bone "foresight5"
						{Matrix34
							1	0	0
							0	0	-1
							0	1	0
							5.92234	-0.743748	-5.58532
						}
					}
				}
				{bone "visor3"
					{Position -74.4628	0.684312	37.0136}
				}
				{bone prizmatic "fx_invers"
					{Matrix34
						-0.956635	0	0.291291
						-0.291291	0	-0.956635
						0	-1	0
						-38.8726	-0.0714654	9.68488
					}
				}
				{bone revolute "gun02"
					{parameters "ID=turret;"}
					{speed 0.01}
					{terminator}
					{Position 2.50243	-12.3608	18.9883}
					{VolumeView "gun02.ply"}
					{bone revolute "foresight2"
						{limits -30 30}
						{Matrix34
							0.574494	-0.00118367	0.818508
							0.818509	0.000825745	-0.574494
							0	0.999999	0.00144327
							0.287025	0.0296822	0.470242
						}
					}
				}
				{bone "cover3"
					{parameters "ID=turret;"}
					{Matrix34
						0.999999	0	-0.00112487
						0	1	0
						0.00112487	0	0.999999
						-41.3434	0.0669795	4.15615
					}
					{VolumeView "cover3.ply"}
				}
				{bone "open"
					{parameters "ID=turret;"}
					{Matrix34
						0.999999	0	-0.00112494
						0	1	0
						0.00112494	0	0.999999
						-2.60718	16.2235	21.7845
					}
					{VolumeView "open.ply"}
				}
				{bone revolute "mgun_turret3"
					{parameters "ID=turret;"}
					{limits -150 50}
					{speed 0.03}
					{terminator}
					{Matrix34
						0.999999	0	-0.00112494
						0	1	0
						0.00112494	0	0.999999
						-4.34584	8.69969	22.6526
					}
					{VolumeView "mgun_turret3.ply"}
					{bone revolute "mgun_turret4"
						{parameters "ID=turret;"}
						{limits -10 10}
						{speed 0.03}
						{Position 8.59314	-0.06639	0.572769}
						{VolumeView "mgun_turret4.ply"}
						{bone revolute "mgun_rot1"
							{parameters "ID=turret;"}
							{limits -30 30}
							{speed 0.03}
							{Matrix34
								0.824126	0	-0.566406
								-0.566406	0	-0.824126
								0	1	0
								1.92799	0.0205469	0.0866013
							}
							{VolumeView "mgun_rot1.ply"}
							{bone "mgun_rot"
								{Matrix34
									0.823489	-0.567333	0
									-0.567333	-0.823489	0
									0	0	-1
									-0.721645	-2.8821	0.0269938
								}
								{bone "mgun2"
									{Matrix34
										0.999999	-0.00112486	0
										0	0	-1
										0.00112486	0.999999	0
										1.12303	1.46975	-0.97546
									}
								}
							}
						}
					}
					{bone "gunner2"
						{Matrix34
							0.998765	-0.0496881	-2.23686e-005
							0.0496881	0.998765	-0.000226021
							3.35716e-005	0.00022463	1
							1.84007	-0.250994	-18.7099
						}
						{bone "visor"
							{Matrix34
								1	0	0.00114993
								0	1	0
								-0.00114994	0	0.999999
								6.40481	-0.564252	27.0033
							}
						}
					}
				}
				{bone "enumerator"
					{Matrix34
						0.942256	-0.310821	0.124671
						0.334804	0.882846	-0.329376
						-0.00768821	0.352097	0.935932
						-5.10644	-20.4927	10.8038
					}
					{VolumeView "enumerator.ply"}
				}
				{bone "suspension00"
					{parameters "ID=suspension00;"}
					{Matrix34
						0.999999	0	-0.00112494
						0	1	0
						0.00112494	0	0.999999
						1.63463	20.894	10.8364
					}
					{VolumeView "suspension00.ply"}
				}
				{bone "suspension01"
					{parameters "ID=suspension01;"}
					{Matrix34
						0.999999	0	-0.00112494
						0	1	0
						0.00112494	0	0.999999
						-13.9096	20.7926	10.9773
					}
					{VolumeView "suspension01.ply"}
				}
				{bone "suspension02"
					{parameters "ID=suspension02;"}
					{Matrix34
						0.999999	0	-0.00112494
						0	1	0
						0.00112494	0	0.999999
						17.9271	17.2535	11.7489
					}
					{VolumeView "suspension02.ply"}
				}
				{bone "suspension03"
					{parameters "ID=suspension03;"}
					{Matrix34
						0.999999	0	-0.00112494
						0	1	0
						0.00112494	0	0.999999
						-30.7001	17.6347	9.98637
					}
					{VolumeView "suspension03.ply"}
				}
				{bone "suspension04"
					{parameters "ID=suspension04;"}
					{Matrix34
						0.999999	0	-0.00112494
						0	1	0
						0.00112494	0	0.999999
						17.9271	-16.7491	11.7489
					}
					{VolumeView "suspension04.ply"}
				}
				{bone "suspension05"
					{parameters "ID=suspension05;"}
					{Matrix34
						0.999999	0	-0.00112494
						0	1	0
						0.00112494	0	0.999999
						1.63466	-21.0728	10.8363
					}
					{VolumeView "suspension05.ply"}
				}
				{bone "suspension06"
					{parameters "ID=suspension06;"}
					{Matrix34
						0.999999	0	-0.00112494
						0	1	0
						0.00112494	0	0.999999
						-13.9095	-20.9716	10.9772
					}
					{VolumeView "suspension06.ply"}
				}
				{bone "suspension07"
					{parameters "ID=suspension07;"}
					{Matrix34
						0.999999	0	-0.00112494
						0	1	0
						0.00112494	0	0.999999
						-30.6366	-16.9369	10.1257
					}
					{VolumeView "suspension07.ply"}
				}
				{bone "enumerator01"
					{Matrix34
						-0.933378	0.336546	0.124671
						-0.35889	-0.873332	-0.329376
						-0.00197113	-0.352175	0.935932
						-6.10024	21.2147	10.805
					}
					{VolumeView "enumerator01.ply"}
				}
				{bone "ger02"
					{Matrix34
						0.990276	0.137158	-0.0232668
						-0.132524	0.980934	0.142151
						0.0423203	-0.137685	0.989572
						-4.63405	-23.8397	3.77995
					}
					{VolumeView "ger02.ply"}
				}
				{bone "ger03"
					{Matrix34
						-0.999815	-0.00329246	-0.0189413
						0.000572347	-0.989888	0.14185
						-0.0192169	0.141813	0.989707
						-4.63409	24.3493	3.78008
					}
					{VolumeView "ger03.ply"}
				}
			}
			{bone "visor2"
				{Matrix34
					0.999984	0.00523596	0.00217383
					-0.00523596	0.999986	0
					-0.00217383	0	0.999998
					43.5822	10.0725	28.4983
				}
			}
			{bone "fxfire3"
				{Matrix34
					-0.00217376	0	0.999998
					0.00523581	-0.999986	0
					0.999984	0.00523581	0.00217361
					-2.02176	0.14185	17.4462
				}
			}
			{bone "fxsmoke1"
				{Matrix34
					-0.999972	-0.0043071	-0.006056
					0.00416175	-0.999708	0.0238091
					-0.00615662	0.0237832	0.999698
					-78.1618	7.11563	28.0845
				}
			}
			{bone "fxsmoke2"
				{Matrix34
					-0.999988	-0.00430713	0.00247986
					0.00436497	-0.999707	0.0238173
					0.00237672	0.0238279	0.999713
					-78.059	-8.00872	28.0931
				}
			}
			{bone "headlightr"
				{Matrix34
					0.999984	0.00523651	0.00217382
					-0.00523651	0.999986	0
					-0.00217383	0	0.999998
					59.4977	0.109653	25.918
				}
			}
			{bone "headlightl"
				{Matrix34
					0.999984	0.00523651	0.00217382
					-0.00523651	0.999986	0
					-0.00217383	0	0.999998
					59.4979	0.086464	25.9179
				}
			}
			{bone "fxfire1"
				{Matrix34
					-0.00217376	0	0.999998
					0.00523581	-0.999986	0
					0.999984	0.00523581	0.00217361
					-48.7291	1.67142	25.2847
				}
			}
			{bone "fxfire2"
				{Matrix34
					-0.00217376	0	0.999998
					0.00523581	-0.999986	0
					0.999984	0.00523581	0.00217361
					32.2123	8.24428	23.8517
				}
			}
			{bone "visor4"
				{Matrix34
					0.985169	0.00515744	-0.171507
					-0.00523602	0.999986	0
					0.171505	0.000903766	0.985183
					-250.886	-0.805372	119.433
				}
			}
			{bone "shieldl1"
				{parameters "ID=shieldL1;"}
				{Matrix34
					0.999986	0.00523565	0.00104904
					-0.00523564	0.999986	0
					-0.00104905	0	0.999999
					61.4901	28.2394	16.6728
				}
				{VolumeView "shieldl1.ply"}
			}
			{bone "shieldl2"
				{parameters "ID=shieldL2;"}
				{Matrix34
					0.999986	0.00523565	0.00104904
					-0.00523564	0.999986	0
					-0.00104905	0	0.999999
					43.9816	33.3949	16.5666
				}
				{VolumeView "shieldl2.ply"}
			}
			{bone "shieldl3"
				{parameters "ID=shieldL3;"}
				{Matrix34
					0.999986	0.00523565	0.00104904
					-0.00523564	0.999986	0
					-0.00104905	0	0.999999
					20.4874	33.6269	16.0124
				}
				{VolumeView "shieldl3.ply"}
			}
			{bone "shieldl4"
				{parameters "ID=shieldL4;"}
				{Matrix34
					0.999986	0.00523565	0.00104904
					-0.00523564	0.999986	0
					-0.00104905	0	0.999999
					-4.87244	33.374	15.1232
				}
				{VolumeView "shieldl4.ply"}
			}
			{bone "shieldl5"
				{parameters "ID=shieldL5;"}
				{Matrix34
					0.999986	0.00523565	0.00104904
					-0.00523564	0.999986	0
					-0.00104905	0	0.999999
					-30.3645	33.7279	14.2888
				}
				{VolumeView "shieldl5.ply"}
			}
			{bone "shieldl6"
				{parameters "ID=shieldL6;"}
				{Matrix34
					0.999986	0.00523565	0.00104904
					-0.00523564	0.999986	0
					-0.00104905	0	0.999999
					-55.4219	33.7572	13.5474
				}
				{VolumeView "shieldl6.ply"}
			}
			{bone "shieldl7"
				{parameters "ID=shieldL7;"}
				{Matrix34
					0.999986	0.00523565	0.00104904
					-0.00523564	0.999986	0
					-0.00104905	0	0.999999
					-68.2301	27.7308	11.038
				}
				{VolumeView "shieldl7.ply"}
			}
			{bone "shieldr1"
				{parameters "ID=shieldR1;"}
				{Matrix34
					0.999986	0.00523565	0.00104904
					-0.00523564	0.999986	0
					-0.00104905	0	0.999999
					61.7821	-27.6818	16.6708
				}
				{VolumeView "shieldr1.ply"}
			}
			{bone "shieldr2"
				{parameters "ID=shieldR2;"}
				{Matrix34
					0.999986	0.00523565	0.00104904
					-0.00523564	0.999986	0
					-0.00104905	0	0.999999
					44.2938	-33.2178	16.5292
				}
				{VolumeView "shieldr2.ply"}
			}
			{bone "shieldr3"
				{parameters "ID=shieldR3;"}
				{Matrix34
					0.999986	0.00523565	0.00104904
					-0.00523564	0.999986	0
					-0.00104905	0	0.999999
					20.6359	-33.621	16.0028
				}
				{VolumeView "shieldr3.ply"}
			}
			{bone "shieldr4"
				{parameters "ID=shieldR4;"}
				{Matrix34
					0.999986	0.00523565	0.00104904
					-0.00523564	0.999986	0
					-0.00104905	0	0.999999
					-4.51189	-33.5805	14.9778
				}
				{VolumeView "shieldr4.ply"}
			}
			{bone "shieldr5"
				{parameters "ID=shieldR5;"}
				{Matrix34
					0.999986	0.00523565	0.00104904
					-0.00523564	0.999986	0
					-0.00104905	0	0.999999
					-29.8509	-34.4386	14.4803
				}
				{VolumeView "shieldr5.ply"}
			}
			{bone "shieldr6"
				{parameters "ID=shieldR6;"}
				{Matrix34
					0.999986	0.00523565	0.00104904
					-0.00523564	0.999986	0
					-0.00104905	0	0.999999
					-55.1061	-34.5124	13.5653
				}
				{VolumeView "shieldr6.ply"}
			}
			{bone "shieldr7"
				{parameters "ID=shieldR7;"}
				{Matrix34
					0.999986	0.00523565	0.00104904
					-0.00523564	0.999986	0
					-0.00104905	0	0.999999
					-67.9694	-28.4798	11.0176
				}
				{VolumeView "shieldr7.ply"}
			}
			{bone "fxsmoke3"
				{Matrix34
					-0.182852	-2.57755e-005	0.98314
					0.0284748	-0.999581	0.00526977
					0.982728	0.0289583	0.182776
					-49.7558	17.6525	26.9108
				}
			}
			{bone "fxsmoke4"
				{Matrix34
					-0.174454	1.82251e-005	0.984665
					0.0285189	-0.99958	0.00507122
					0.984252	0.0289662	0.17438
					-49.5428	-18.2298	26.9109
				}
			}
			{bone "door_front1"
				{parameters "ID=body;"}
				{Matrix34
					0.999986	0.00523596	0.00104904
					-0.00523596	0.999986	0
					-0.00104904	0	0.999999
					37.1901	-15.681	28.142
				}
				{VolumeView "door_front1.ply"}
			}
			{bone "door_front"
				{parameters "ID=body;"}
				{Matrix34
					0.999986	0.00523499	0.00104904
					-0.00523499	0.999986	0
					-0.00104905	0	0.999999
					37.0976	15.9943	28.1418
				}
				{VolumeView "door_front.ply"}
			}
			{bone "engine_inside"
				{parameters "ID=engine;"}
				{Matrix34
					0.999986	0.00523565	0.00104904
					-0.00523565	0.999986	0
					-0.00104904	0	0.999999
					-50.412	-0.637211	13.4803
				}
				{VolumeView "engine_inside.ply"}
			}
			{bone "engine"
				{parameters "ID=engine;"}
				{animation
					{sequence "repair" {file "engine_r.anm"}}
				}
				{Matrix34
					0.999986	0.00523565	0.00104904
					-0.00523564	0.999986	0
					-0.00104904	0	0.999999
					-45.9621	8.40131	27.4733
				}
				{VolumeView "engine.ply"}
			}
			{bone revolute "mgun_turret1"
				{limits -15 30}
				{speed 0.02}
				{terminator}
				{Matrix34
					0.999986	0.00523565	0.00104904
					-0.00523565	0.999986	0
					-0.00104904	0	0.999999
					52.809	-11.5032	22.4644
				}
				{bone revolute "mgun_turret"
					{limits -8 8}
					{speed 0.02}
					{Matrix34
						1	0	0
						0	0	-1
						0	1	0
						-0.0029335	-0.0128307	0.0268784
					}
					{VolumeView "mgun_turret.ply"}
					{bone "mgun"
						{Position 0.0213852	0.0663605	-0.248291}
						{VolumeView "mgun.ply"}
						{bone "foresight4"
							{Matrix34
								1	0	0
								0	0	1
								0	-1	0
								8.62807	-0.139206	-0.180897
							}
						}
					}
				}
			}
			{bone "seat01"
				{parameters "pose_seat_armor_2;"}
				{Matrix34
					-0.00523599	0.999986	0
					-0.999984	-0.00523599	-0.0021739
					-0.0021739	0	0.999998
					-51.9417	26.6355	20.3226
				}
			}
			{bone "seat02"
				{parameters "pose_seat_armor_2;"}
				{Matrix34
					-0.00523599	0.999986	0
					-0.999984	-0.00523599	-0.0021739
					-0.0021739	0	0.999998
					-69.0324	26.546	20.3047
				}
			}
			{bone "seat03"
				{parameters "pose_seat_armor_2;"}
				{Matrix34
					0.00523661	-0.999986	0
					0.999984	0.00523661	0.00217388
					-0.00217388	0	0.999998
					-45.8604	-26.5226	20.037
				}
			}
			{bone "seat04"
				{parameters "pose_seat_armor_2;"}
				{Matrix34
					0.00523661	-0.999986	0
					0.999984	0.00523661	0.00217388
					-0.00217388	0	0.999998
					-62.9511	-26.6121	20.0191
				}
			}
			{bone "hook01"
				{parameters "ID=body;"}
				{Matrix34
					0.999986	0.00523566	0.00104904
					-0.00523566	0.999986	0
					-0.00104904	0	0.999999
					66.0672	18.1888	14.3086
				}
				{VolumeView "hook01.ply"}
			}
			{bone "hook02"
				{parameters "ID=body;"}
				{Matrix34
					0.999986	0.00523566	0.00104904
					-0.00523566	0.999986	0
					-0.00104904	0	0.999999
					66.4089	-17.9909	14.3088
				}
				{VolumeView "hook02.ply"}
			}
			{bone "anten"
				{Matrix34
					0.999986	0.00523499	0.00104904
					-0.00523499	0.999986	0
					-0.00104905	0	0.999999
					-56.8745	-23.8842	48.1802
				}
				{VolumeView "anten.ply"}
			}
			{bone "bone01"
				{Matrix34
					0.000171495	0	1
					1	-0.000346687	-0.000171495
					0.000346687	1	0
					-57.1524	-23.4693	28.5576
				}
				{bone "bone02"
					{Matrix34
						0.999965	0.00833293	0
						-0.00833294	0.999965	0
						0	0	1
						8.6071	0	0
					}
					{bone "bone03"
						{Matrix34
							1	0.000141446	0
							-0.000141445	1	0
							0	0	1
							7.9453	0	0
						}
						{bone "bone04"
							{Matrix34
								1	0.000927275	0
								-0.000927272	1	0
								0	0	1
								7.81327	-0.00043869	0
							}
							{bone "bone05"
								{Matrix34
									0.999785	-0.0207206	0
									0.0207206	0.999785	0
									0	0	1
									7.08424	0.0013237	0
								}
								{bone "bone06"
									{Position 5.95914	1.14441e-005	0}
								}
							}
						}
					}
				}
			}
			{bone revolute "wheelr00"
				{parameters "ID=trackright;"}
				{Matrix34
					-0.999986	-0.00523532	0.00104904
					0.00104904	0	1
					-0.00523532	0.999986	0
					55.4731	-26.7003	8.37711
				}
				{VolumeView "wheelr00.ply"}
			}
			{bone revolute "wheelr10"
				{parameters "ID=trackright;"}
				{Matrix34
					-0.999986	-0.00523532	0.00104904
					0.00104904	0	1
					-0.00523532	0.999986	0
					-55.3299	-26.3197	4.90319
				}
				{VolumeView "wheelr10.ply"}
			}
			{bone revolute "wheell00"
				{parameters "ID=trackleft;"}
				{Matrix34
					-0.999986	-0.00523532	0.00104904
					0.00104904	0	1
					-0.00523532	0.999986	0
					55.2885	26.8672	8.27795
				}
				{VolumeView "wheell00.ply"}
			}
			{bone revolute "wheell10"
				{parameters "ID=trackleft;"}
				{Matrix34
					-0.999986	-0.00523532	0.00104904
					0.00104904	0	1
					-0.00523532	0.999986	0
					-55.6002	25.315	4.90305
				}
				{VolumeView "wheell10.ply"}
			}
			{bone "ger"
				{Matrix34
					-0.998358	-0.0544115	-0.017905
					0.0533657	-0.997089	0.0544495
					-0.0208158	0.0534046	0.998356
					7.07089	27.3398	25.4021
				}
				{VolumeView "ger.ply"}
			}
			{bone "ger01"
				{Matrix34
					0.998358	0.054412	-0.0179051
					-0.0533661	0.99709	0.0544495
					0.0208158	-0.0534046	0.998356
					7.35678	-27.2628	25.4023
				}
				{VolumeView "ger01.ply"}
			}
		}
	}
}
{Volume "body1"
	{Polyhedron "body1.vol"}
	{Bone "body"}
	{Matrix34
		0.999986	0.00523596	0.00104904
		-0.00523596	0.999986	0
		-0.00104906	0	0.999999
		-12.9225	-0.0676592	-0.0135555
	}
}
{Volume "body"
	{Polyhedron "body.vol"}
	{Bone "body"}
	{Matrix34
		0.999986	0.00523596	0.00104904
		-0.00523596	0.999986	0
		-0.00104906	0	0.999999
		-12.9225	-0.0676594	-0.0135555
	}
}
{Volume "crew"
	{Polyhedron "crew.vol"}
	{Bone "body"}
	{Matrix34
		0.999984	0.00523589	0.0021739
		-0.00523589	0.999986	0
		-0.0021739	0	0.999998
		-2.60917	-0.250713	2.59973
	}
}
{Volume "engine"
	{Polyhedron "engine.vol"}
	{Bone "engine"}
	{Matrix34
		0.999999	0	0.00174188
		0	1	0
		-0.00174189	0	0.999998
		-2.9547	-8.40591	-12.3082
	}
}
{Volume "gun"
	{Polyhedron "gun.vol"}
	{Bone "gun"}
	{Position 0.00187302	0.272766	1.66107}
}
{Volume "inventory"
	{Polyhedron "inventory.vol"}
	{Bone "body"}
	{Matrix34
		0.999984	0.00523589	0.0021739
		-0.00523589	0.999986	0
		-0.0021739	0	0.999998
		-16.2165	-0.321967	2.57015
	}
}
{Volume "mantlet"
	{Polyhedron "mantlet.vol"}
	{Bone "gun_rot"}
	{Position -2.72312	0.598141	1.37714}
}
{Volume "shieldl1"
	{Polyhedron "shieldl1.vol"}
	{Bone "shieldl1"}
	{Position -0.619247	0.376556	0.664042}
}
{Volume "shieldl2"
	{Polyhedron "shieldl2.vol"}
	{Bone "shieldl2"}
	{Position 0.00209808	0.0810699	-0.083086}
}
{Volume "shieldl3"
	{Polyhedron "shieldl3.vol"}
	{Bone "shieldl3"}
	{Position 0.0536346	-0.0242996	-0.0928307}
}
{Volume "shieldl4"
	{Polyhedron "shieldl4.vol"}
	{Bone "shieldl4"}
	{Position 0.0693665	0.534904	0.0424328}
}
{Volume "shieldl5"
	{Polyhedron "shieldl5.vol"}
	{Bone "shieldl5"}
	{Position 0.489845	-0.0141258	-0.096611}
}
{Volume "shieldl6"
	{Polyhedron "shieldl6.vol"}
	{Bone "shieldl6"}
	{Position 0.475571	0.0424919	0.0626221}
}
{Volume "shieldl7"
	{Polyhedron "shieldl7.vol"}
	{Bone "shieldl7"}
	{Position 0.156395	-0.223228	-0.229473}
}
{Volume "shieldr1"
	{Polyhedron "shieldr1.vol"}
	{Bone "shieldr1"}
	{Position -0.622307	-0.729595	0.709795}
}
{Volume "shieldr2"
	{Polyhedron "shieldr2.vol"}
	{Bone "shieldr2"}
	{Position 0.00410461	-0.374092	-0.119093}
}
{Volume "shieldr3"
	{Polyhedron "shieldr3.vol"}
	{Bone "shieldr3"}
	{Position 0.270115	-0.32238	-0.116385}
}
{Volume "shieldr4"
	{Polyhedron "shieldr4.vol"}
	{Bone "shieldr4"}
	{Position 0.0970082	-0.634228	-0.034256}
}
{Volume "shieldr5"
	{Polyhedron "shieldr5.vol"}
	{Bone "shieldr5"}
	{Position 0.444221	-0.11747	-0.0774574}
}
{Volume "shieldr6"
	{Polyhedron "shieldr6.vol"}
	{Bone "shieldr6"}
	{Position 0.429138	-0.507439	0.168423}
}
{Volume "shieldr7"
	{Polyhedron "shieldr7.vol"}
	{Bone "shieldr7"}
	{Position 0.157104	-0.164255	-0.244957}
}
{Volume "suspension00"
	{Box 15.5571 2.9592 20.127}
	{Bone "suspension00"}
	{Matrix34
		0.977318	-0.209424	-0.0314709
		0.207287	0.915558	0.344652
		-0.0433649	-0.343359	0.938203
		0.0482745	0.100076	0.011714
	}
}
{Volume "suspension01"
	{Polyhedron "suspension01.vol"}
	{Bone "suspension01"}
	{Matrix34
		0.982379	0.186735	0.00788156
		-0.177967	0.921706	0.344653
		0.0570941	-0.339982	0.938697
		-0.943081	3.84066	-9.06873
	}
}
{Volume "suspension02"
	{Polyhedron "suspension02.vol"}
	{Bone "suspension02"}
	{Matrix34
		0.936243	-0.350414	-0.0256543
		0.301393	0.763445	0.571239
		-0.180584	-0.542551	0.820383
		1.13393	3.93647	-6.02723
	}
}
{Volume "suspension03"
	{Polyhedron "suspension03.vol"}
	{Bone "suspension03"}
	{Matrix34
		0.963469	0.265443	0.0356017
		-0.260297	0.896811	0.357737
		0.0630309	-0.353936	0.933143
		-0.328842	2.52851	-6.59791
	}
}
{Volume "suspension04"
	{Polyhedron "suspension04.vol"}
	{Bone "suspension04"}
	{Matrix34
		-0.935536	-0.352595	0.0211828
		0.295042	-0.747043	0.595715
		-0.194222	0.563563	0.802917
		0.391666	-3.96771	-5.87914
	}
}
{Volume "suspension05"
	{Polyhedron "suspension05.vol"}
	{Bone "suspension05"}
	{Matrix34
		-0.982379	-0.186735	0.00788157
		0.177967	-0.921706	0.344653
		-0.0570942	0.339982	0.938697
		0.507854	-3.35018	-9.34987
	}
}
{Volume "suspension06"
	{Box 15.5571 2.9592 20.127}
	{Bone "suspension06"}
	{Matrix34
		-0.977318	0.209424	-0.0314709
		-0.207288	-0.915558	0.344652
		0.043365	0.343359	0.938203
		-0.483496	0.187792	-0.111678
	}
}
{Volume "suspension07"
	{Polyhedron "suspension07.vol"}
	{Bone "suspension07"}
	{Matrix34
		-0.972404	0.232941	-0.0130277
		-0.22554	-0.924285	0.307944
		0.0596915	0.302384	0.951315
		-0.0175247	-1.87504	-6.69319
	}
}
{Volume "trackleft"
	{Polyhedron "trackleft.vol"}
	{Bone "wheelsl"}
	{Position 3.97713	5.89132	-0.102261}
}
{Volume "trackright"
	{Polyhedron "trackright.vol"}
	{Bone "wheelsr"}
	{Matrix34
		1	0	0
		0	1	0
		0	0	1
		-2.78306	-5.48861	-0.208124
	}
}
{Volume "turret"
	{Polyhedron "turret.vol"}
	{Bone "turret"}
	{Position 0	0	0}
}
