;Exported by: Administrator
;Date:        Sat Sep 29 12:15:57 2012
;File:        C:\Documents and Settings\Administrator\My Documents\3dsMax\scenes\native\shield.max
{Skeleton
	{bone "native_shield"
		{parameters "CommonMesh;"}
		{Orientation
			1	0	0
			0	-1	0
			0	0	1
		}
		{VolumeView "native_shield.ply"}
		{bone "handle"
			{Matrix34
				0.99888	0.030671	-0.0360222
				-0.0359265	-0.00366529	-0.999348
				-0.0307828	0.999523	-0.00255929
				-0.109577	0.505887	0.00232668
			}
		}
	}
}
{Volume "body"
	{Box 3.82767 3.54161 2.53713}
	{Bone "native_shield"}
	{Matrix34
		0.998881	0.0306709	-0.0360227
		-0.035927	-0.00366625	-0.999349
		-0.030783	0.999524	-0.00256025
		-0.460379	1.44425	0.0282874
	}
}
{Volume "select"
	{Box 8.33811 5.92873 4.67327}
	{Bone "native_shield"}
	{Matrix34
		0.998881	0.0306708	-0.0360218
		-0.035926	-0.00366562	-0.999349
		-0.0307831	0.999524	-0.0025599
		-0.342783	1.16445	-0.0217575
	}
}
{Extender "preview"
	{"stuff"
		{camera
			{origin 21.7387	-7.00848	-32.6954}
			{lookat -0.5596	-0.744481	-0.0317331}
			{fov 7.43102}
			{horizon 73.6482}
		}
		{lights
			{"0"
				{type point}
				{position 0.183796	-3.38934	-1.21489}
			}
			{"1"
				{type spot}
				{position -3.12069	-3.00775	-17.1885}
				{direction 0.0818191	0.0655391	0.488887}
				{theta 43}
				{phi 45}
			}
		}
	}
}
