;Exported by: Jag
;Date:        Sat Jan 08 20:22:17 2011
;File:        E:\3D Work\Models\shneider_37mm.max
{Skeleton
	{animation
		{sequence "recoil" {speed 0.9}}
		{sequence "close" {speed 0.5}}
		{sequence "fire00" {speed 0.9}}
	}
	{bone revolute "basis"
		{speed 0.01}
		{Orientation
			1	0	0
			0	-1	0
			0	0	1
		}
		{bone "body"
			{parameters "ID=body;"}
			{Position -0.0151657	-0.20748	8.71556}
			{VolumeView "body.ply"}
			{bone revolute "turret"
				{parameters "ID=turret;"}
				{limits -50 50}
				{Matrix34
					0	1	0
					-0.984808	0	-0.173648
					-0.173648	0	0.984808
					-0.107301	0.539989	2.05426
				}
				{VolumeView "turret.ply"}
				{bone revolute "gun_rot"
					{parameters "ID=gun;"}
					{limits -65 10}
					{speed 0.01}
					{Matrix34
						0	0.984808	0.173648
						0	-0.173648	0.984808
						1	0	0
						0.355537	-4.66438	13.1905
					}
					{VolumeView "gun_rot.ply"}
					{bone "gun"
						{parameters "ID=gun;"}
						{Matrix34
							0	0	1
							1	0	0
							0	1	0
							-21.59	1.76725	-0.615914
						}
						{VolumeView "gun.ply"}
						{bone "shooter00"
							{Matrix34
								0	-1	0
								1	0	0
								0	0	1
								-0.25904	-19.2612	-0.731716
							}
						}
					}
					{bone "fx_invers"
						{Matrix34
							1	0	0
							0	0	-1
							0	1	0
							13.5599	1.39346	0.0214278
						}
					}
					{bone "visor1"
						{Matrix34
							-0.984808	-0.173648	0
							0	0	1
							-0.173648	0.984808	0
							-0.202285	-3.66562	10.8967
						}
					}
					{bone "foresight1"
						{Matrix34
							-1	0	0
							0	0	1
							0	1	0
							-40.7746	1.03554	-0.874956
						}
					}
				}
				{bone "gunner"
					{Matrix34
						0	-0.984808	0.173648
						1	0	0
						0	0.173648	0.984808
						-0.33246	15.9542	-1.44922
					}
				}
				{bone "seat1"
					{Matrix34
						0	-0.984808	0.173648
						1	0	0
						0	0.173648	0.984808
						-0.33246	15.9415	-1.45144
					}
				}
				{bone "visor"
					{Matrix34
						0	-0.984808	-0.173648
						0	-0.173648	0.984808
						-1	0	0
						7.19297	-5.70162	11.9365
					}
				}
			}
			{bone "pivot_front"
				{parameters "ID=body;"}
				{Position -0.0257177	0.451708	0.0121098}
				{VolumeView "pivot_front.ply"}
				{bone revolute "wheelleft"
					{parameters "ID=wheelleft;Support=1;Radius=0.3;"}
					{Matrix34
						1	0	0
						0	0	-1
						0	1	0
						-0.00313807	16.0193	4.95911e-005
					}
					{VolumeView "wheelleft.ply"}
				}
				{bone revolute "wheelright"
					{parameters "ID=wheelright;Support=1;Radius=0.3;"}
					{Matrix34
						1	0	0
						0	0	-1
						0	1	0
						0.00328016	-16.6889	-6.10352e-005
					}
					{VolumeView "wheelright.ply"}
				}
				{bone "fxtracer1"
					{Matrix34
						1	0	0
						0	1	0
						0	0	1
						0.049391	-16.027	-8.7502
					}
				}
				{bone "fxtracel1"
					{Position 0.0493931	15.5211	-8.75022}
				}
			}
			{bone "link1"
				{Matrix34
					-1	0	0
					0	0	1
					0	1	0
					-49.2073	0.207479	-7.1998
				}
			}
		}
		{bone "emit2"
			{Position -15.8371	-18.5447	-0.0396034}
			{visibility 0}
		}
		{bone "emit1"
			{Position -19.1683	20.8816	-0.0396058}
			{visibility 0}
		}
		{bone "driver"
			{Position -16.9458	15.7503	-0.0396046}
		}
		{bone "pivot_back"
			{Position -42.2968	0	8.00383}
		}
	}
}
{Volume "body"
	{Polyhedron "body.vol"}
	{Bone "body"}
	{Matrix34
		0.984808	0	0.173648
		-0.173648	0	0.984808
		0	-1	0
		-19.4988	0.20748	-1.88587
	}
}
{Volume "gun"
	{Polyhedron "gun.vol"}
	{Bone "gun"}
	{Position -0.157052	9.41161	-2.09164}
}
{Volume "turret"
	{Polyhedron "turret.vol"}
	{Bone "turret"}
	{Matrix34
		0	0.984808	0.173648
		-1	0	0
		0	-0.173648	0.984808
		-0.33251	-0.74837	5.40209
	}
}
{Volume "wheelleft"
	{Polyhedron "wheelleft.vol"}
	{Bone "wheelleft"}
	{Matrix34
		1	0	0
		0	-1	0
		0	0	-1
		-0.0060534	-0.135513	0.775379
	}
}
{Volume "wheelright"
	{Polyhedron "wheelright.vol"}
	{Bone "wheelright"}
	{Matrix34
		1	0	0
		0	-1	0
		0	0	-1
		-0.0124194	-0.135661	2.07226
	}
}
