;Exported by: JJ
;Date:        Fri Jun 15 12:35:55 2012
;File:        D:\^4VxC^0Control\3Dmodeli\takam_xx.max
{Skeleton
	{bone revolute "basis"
		{Orientation
			1	0	0
			0	-1	0
			0	0	1
		}
		{bone "wheelsl"
			{parameters "ID=trackleft;"}
			{Position 6.68722	18.2195	7.43943}
			{VolumeView "wheelsl.ply"}
			{bone revolute "wheell2"
				{parameters "ID=trackleft;"}
				{Matrix34
					-0.999858	-0.0168741	0
					0.000145187	-0.00860291	0.999963
					-0.0168735	0.999821	0.00860414
					14.7753	2.31399	9.22
				}
				{VolumeView "wheell2.ply"}
			}
			{bone revolute "wheell5"
				{parameters "ID=trackleft;"}
				{Matrix34
					-0.999858	-0.0168741	0
					0.000145187	-0.00860291	0.999963
					-0.0168735	0.999821	0.00860414
					-2.50032	2.31399	8.302
				}
				{VolumeView "wheell5.ply"}
			}
			{bone revolute "wheell7"
				{parameters "ID=trackleft;"}
				{Matrix34
					-0.999858	-0.0168741	0
					0.000145187	-0.00860291	0.999963
					-0.0168735	0.999821	0.00860414
					-18.9047	2.31399	7.36787
				}
				{VolumeView "wheell7.ply"}
			}
			{bone revolute "wheell8"
				{parameters "ID=trackleft;"}
				{Matrix34
					-0.999858	-0.0168741	0
					0.000145187	-0.00860291	0.999963
					-0.0168735	0.999821	0.00860414
					-26.4018	2.7541	-1.15449
				}
				{VolumeView "wheell8.ply"}
			}
			{bone revolute "wheell3"
				{parameters "ID=trackleft;"}
				{Matrix34
					-0.999858	-0.0168741	0
					0.000145187	-0.00860291	0.999963
					-0.0168735	0.999821	0.00860414
					20.4163	2.7541	-1.15449
				}
				{VolumeView "wheell3.ply"}
			}
			{bone revolute "wheell4"
				{parameters "ID=trackleft;"}
				{Matrix34
					-0.999858	-0.0168741	0
					0.000145187	-0.00860291	0.999963
					-0.0168735	0.999821	0.00860414
					4.4251	2.7541	-1.15449
				}
				{VolumeView "wheell4.ply"}
			}
			{bone revolute "wheell6"
				{parameters "ID=trackleft;"}
				{Matrix34
					-0.999858	-0.0168741	0
					0.000145187	-0.00860291	0.999963
					-0.0168735	0.999821	0.00860414
					-11.475	2.7541	-1.15449
				}
				{VolumeView "wheell6.ply"}
			}
			{bone "trackl"
				{parameters "ID=trackleft;"}
				{Position -2.456	2.22374	2.6418}
				{VolumeView "trackl.ply"}
			}
		}
		{bone "wheelsr"
			{parameters "ID=trackright;"}
			{Position 6.68724	-18.1098	7.43944}
			{VolumeView "wheelsr.ply"}
			{bone revolute "wheelr4"
				{parameters "ID=trackright;"}
				{Matrix34
					-0.999858	-0.0168741	0
					0.000145187	-0.00860291	0.999963
					-0.0168735	0.999821	0.00860414
					4.33635	-2.72674	-1.15446
				}
				{VolumeView "wheelr4.ply"}
			}
			{bone revolute "wheelr6"
				{parameters "ID=trackright;"}
				{Matrix34
					-0.999858	-0.0168741	0
					0.000145187	-0.00860291	0.999963
					-0.0168735	0.999821	0.00860414
					-11.4839	-2.72674	-1.15448
				}
				{VolumeView "wheelr6.ply"}
			}
			{bone revolute "wheelr8"
				{parameters "ID=trackright;"}
				{Matrix34
					-0.999858	-0.0168741	0
					0.000145187	-0.00860291	0.999963
					-0.0168735	0.999821	0.00860414
					-26.4084	-2.72674	-1.15446
				}
				{VolumeView "wheelr8.ply"}
			}
			{bone revolute "wheelr7"
				{parameters "ID=trackright;"}
				{Matrix34
					-0.999858	-0.0168741	0
					0.000145187	-0.00860291	0.999963
					-0.0168735	0.999821	0.00860414
					-18.8584	-2.27387	7.49794
				}
				{VolumeView "wheelr7.ply"}
			}
			{bone revolute "wheelr3"
				{parameters "ID=trackright;"}
				{Matrix34
					-0.999858	-0.0168741	0
					0.000145187	-0.00860291	0.999963
					-0.0168735	0.999821	0.00860414
					14.7723	-2.27387	9.22406
				}
				{VolumeView "wheelr3.ply"}
			}
			{bone revolute "wheelr5"
				{parameters "ID=trackright;"}
				{Matrix34
					-0.999858	-0.0168741	0
					0.000145187	-0.00860291	0.999963
					-0.0168735	0.999821	0.00860414
					-2.63681	-2.27388	8.39515
				}
				{VolumeView "wheelr5.ply"}
			}
			{bone revolute "wheelr2"
				{parameters "ID=trackright;"}
				{Matrix34
					-0.999858	-0.0168741	0
					0.000145187	-0.00860291	0.999963
					-0.0168735	0.999821	0.00860414
					20.4163	-2.72674	-1.15446
				}
				{VolumeView "wheelr2.ply"}
			}
			{bone "trackr"
				{parameters "ID=trackright;"}
				{Position -2.45603	-2.16836	2.64179}
				{VolumeView "trackr.ply"}
			}
		}
		{bone "body"
			{parameters "ID=engine;"}
			{Matrix34
				0.998516	0.00490052	-0.0542366
				-0.00112083	0.997581	0.0695009
				0.054446	-0.069337	0.996106
				3.85343	0.0541335	16.8115
			}
			{VolumeView "body.ply"}
			{bone revolute "turret"
				{parameters "ID=turret;"}
				{limits -12 12}
				{Position 4.80023	0.257464	9.93293}
				{VolumeView "turret.ply"}
				{bone revolute "gun_rot"
					{parameters "ID=gun;"}
					{limits -13 13}
					{Matrix34
						1	0	0
						0	0.00376291	0.999993
						0	-0.999993	0.00376292
						-9.04415	0.0576421	9.73058
					}
					{VolumeView "gun_rot.ply"}
					{bone "gun"
						{parameters "ID=gun;"}
						{Matrix34
							1	0	0
							0	0.00376291	-0.999993
							0	0.999993	0.00376292
							31.52	0.333313	0.11049
						}
						{VolumeView "gun.ply"}
					}
				}
			}
			{bone "cover1"
				{parameters "ID=body;"}
				{Matrix34
					0.480817	-0.0907253	0.872115
					-0.0613679	0.988711	0.136688
					-0.874671	-0.119242	0.469821
					19.8887	1.70392	8.72396
				}
				{VolumeView "cover1.ply"}
			}
			{bone "shieldr1"
				{parameters "ID=shieldr1;"}
				{Matrix34
					1	0	0
					0	0	1
					0	-1	0
					3.61814	-12.803	15.6394
				}
				{VolumeView "shieldr1.ply"}
			}
			{bone revolute "wheell1"
				{parameters "ID=trackleft;"}
				{Matrix34
					-0.999858	-0.0168741	0
					0.000145197	-0.00860295	0.999963
					-0.0168735	0.999821	0.00860413
					36.1283	21.493	-2.91177
				}
				{VolumeView "wheell1.ply"}
			}
			{bone revolute "wheell9"
				{parameters "ID=trackleft;"}
				{Matrix34
					-0.999858	-0.0168741	0
					0.000145197	-0.00860295	0.999963
					-0.0168735	0.999821	0.00860413
					-35.4209	20.9195	-5.6297
				}
				{VolumeView "wheell9.ply"}
			}
			{bone revolute "wheelr1"
				{parameters "ID=trackright;"}
				{Matrix34
					-0.999858	-0.0168741	0
					0.000145197	-0.00860295	0.999963
					-0.0168735	0.999821	0.00860413
					36.1283	-21.4924	-2.91177
				}
				{VolumeView "wheelr1.ply"}
			}
			{bone revolute "wheelr9"
				{parameters "ID=trackright;"}
				{Matrix34
					-0.999858	-0.0168741	0
					0.000145197	-0.00860295	0.999963
					-0.0168735	0.999821	0.00860413
					-35.4619	-20.8907	-5.66042
				}
				{VolumeView "wheelr9.ply"}
			}
			{bone "shieldl1"
				{parameters "ID=shieldl1;"}
				{Matrix34
					1	0	0
					0	0	1
					0	-1	0
					3.43268	11.5596	15.6394
				}
				{VolumeView "shieldl1.ply"}
			}
			{bone "engine"
				{parameters "ID=engine;"}
				{Position -29.3786	-1.07003	5.55971}
				{VolumeView "engine.ply"}
			}
		}
	}
}
