;Exported by: dp
;Date:        Sat Feb 21 03:02:57 2015
;File:        C:\dp\desk1\DesktopArch18\volvo.max
{Skeleton
	{animation
		{sequence "doorright" {speed 0.2}}
		{sequence "doorleft" {speed 0.2}}
		{sequence "start" {speed 0.3}}
		{sequence "stop" {speed 0.3}}
	}
	{bone "basis"
		{parameters "SteerMax=30;WheelRadius=0.5;"}
		{Orientation
			1	0	0
			0	-1	0
			0	0	1
		}
		{bone "link2"
			{Matrix34
				-0.999932	0.011645	-0.000228861
				-0.000150038	0.00676924	0.999977
				0.0116462	0.999909	-0.00676702
				-51.6761	0.153481	15.3629
			}
		}
		{bone "emit1"
			{Matrix34
				0.00884067	-0.999951	0.00447319
				0.999961	0.00884065	-2.38416e-005
				-1.57055e-005	0.00447323	0.99999
				23.7592	25.4121	0.000667108
			}
		}
		{bone "emit2"
			{Matrix34
				-0.00400451	0.999992	0
				-0.999982	-0.00400447	-0.00445746
				-0.00445742	-1.78499e-005	0.99999
				23.1086	-27.3296	0.235885
			}
		}
		{bone "pivot_front"
			{parameters "ID=body;"}
			{Matrix34
				0.999996	1.20831e-005	0.00266218
				0	0.99999	-0.00447318
				-0.00266221	0.00447316	0.999986
				47.5824	0.0544341	9.37555
			}
			{VolumeView "pivot_front.ply"}
			{bone revolute "steer_l1"
				{Matrix34
					-0.999991	0.00412393	-0.000992418
					0.0041204	0.999985	0.00354134
					-0.00100681	-0.00353722	0.999993
					0.0644989	13.8127	-0.0622644
				}
				{bone revolute "wheelleft1"
					{parameters "ID=wheel1;Support=1;Radius=0.4;"}
					{Matrix34
						0.999985	-0.00411077	0.00366926
						-0.00365466	0.00355221	0.999987
						-0.00412376	-0.999985	0.00353714
						0.0599747	1.9487	0.0899076
					}
					{VolumeView "wheelleft1.ply"}
				}
				{bone "fxtracel1"
					{Matrix34
						0.999985	-0.00411092	0.00366918
						-0.00412392	-0.999985	0.00353825
						-0.00365441	0.00355333	0.999987
						0.0386429	2.10429	-9.32104
					}
				}
			}
			{bone revolute "steer_r1"
				{Matrix34
					-0.999971	-0.00721071	0.00226481
					-0.0071838	0.999906	0.0116761
					0.00234903	-0.0116594	0.999929
					0.0723534	-13.4817	-0.0633755
				}
				{bone revolute "wheelright1"
					{parameters "ID=wheel1;Support=1;Radius=0.4;"}
					{Matrix34
						0.999974	0.00721511	0.00031313
						-0.000397224	0.0116568	0.999932
						-0.00721097	0.999906	-0.0116594
						0.0759048	-2.13787	0.122661
					}
					{VolumeView "wheelright1.ply"}
				}
				{bone "fxtracer1"
					{Matrix34
						0.999974	0.00721504	0.000313252
						0.00721091	-0.999906	0.0116605
						-0.000397095	0.0116579	0.999932
						0.134743	-2.29875	-9.28631
					}
				}
			}
		}
		{bone "pivot_back"
			{parameters "ID=body;"}
			{Matrix34
				0.999996	1.20831e-005	0.00266218
				0	0.99999	-0.00447318
				-0.00266221	0.00447316	0.999986
				-24.2676	0.397807	9.47068
			}
			{VolumeView "pivot_back.ply"}
			{bone revolute "wheelleft2"
				{parameters "ID=wheel1;Support=1;Radius=0.4;"}
				{Matrix34
					-0.999996	0	0.00266221
					0.00266221	0	0.999996
					0	-1	0
					-0.168554	15.2834	-0.0617266
				}
				{VolumeView "wheelleft2.ply"}
			}
			{bone revolute "wheelright2"
				{parameters "ID=wheelright2;Support=1;Radius=0.4;"}
				{Matrix34
					-0.999996	0	0.00266221
					0.00266221	0	0.999996
					0	1	0
					-0.168636	-16.1618	-0.0617638
				}
				{VolumeView "wheelright2.ply"}
			}
			{bone "fxtracer2"
				{Matrix34
					-0.999996	0	0.00266218
					0	-1	0
					0.00266218	0	0.999997
					-0.192568	-16.4583	-9.47191
				}
			}
			{bone "fxtracel2"
				{Matrix34
					-0.999996	0	0.00266218
					0	-1	0
					0.00266218	0	0.999997
					-0.191589	15.5816	-9.47187
				}
			}
		}
		{bone "body"
			{parameters "ID=body;"}
			{animation
				{sequence "repair" {file "body_r.anm"}}
			}
			{Matrix34
				0.999996	1.25726e-005	0.00266218
				0	0.99999	-0.00447318
				-0.00266221	0.00447316	0.999986
				7.22851	-0.350908	12.6209
			}
			{VolumeView "body.ply"}
			{bone "body_back"
				{parameters "ID=body;"}
				{Matrix34
					1	0	0
					0	1	0
					0	0	1
					-27.2443	0.830704	16.9503
				}
				{VolumeView "body_back.ply"}
				{bone "shield"
					{parameters "CommonMesh;ID=shield;"}
					{Position 3.01496	0.250013	10.8012}
					{VolumeView "shield.ply"}
				}
				{bone "fxstop1"
					{Matrix34
						-0.999999	0.00109014	0.00042504
						-0.00108053	-0.999751	0.0222871
						0.000449238	0.0222866	0.999752
						-30.5392	15.8254	-17.8287
					}
				}
				{bone "fxstop2"
					{Matrix34
						-0.999938	-0.00319596	0.0106733
						0.00343154	-0.999749	0.0221396
						0.0105999	0.0221749	0.999698
						-30.3437	-16.7771	-12.3553
					}
				}
				{bone "attach01"
					{Matrix34
						0	-0.4	0
						0.4	0	0
						0	0	0.4
						28.1698	10.2781	-8.89158
					}
				}
				{bone "attach02"
					{Matrix34
						0	-0.4	0
						0.4	0	0
						0	0	0.4
						17.17517	10.2782	-8.89158
					}
				}
				{bone "attach03"
					{Matrix34
						0	-0.4	0
						0.4	0	0
						0	0	0.4
						6.30744	10.2781	-8.89159
					}
				}
				{bone "attach04"
					{Matrix34
						0	-0.4	0
						0.4	0	0
						0	0	0.4
						-5.2874	10.2781	-8.89159
					}
				}
				{bone "attach05"
					{Matrix34
						0	-0.4	0
						0.4	0	0
						0	0	0.4
						28.1375	10.2781	-1.987772
					}
				}
				{bone "attach06"
					{Matrix34
						0	-0.4	0
						0.4	0	0
						0	0	0.4
						17.20273	10.2782	-1.987772
					}
				}
				{bone "attach07"
					{Matrix34
						0	-0.4	0
						0.4	0	0
						0	0	0.4
						6.33485	10.2781	-1.987772
					}
				}
				{bone "attach08"
					{Matrix34
						0	-0.4	0
						0.4	0	0
						0	0	0.4
						28.1698	-11.4261	-8.89158
					}
				}
				{bone "attach09"
					{Matrix34
						0	-0.4	0
						0.4	0	0
						0	0	0.4
						17.17517	-11.4261	-8.89159
					}
				}
				{bone "attach10"
					{Matrix34
						0	-0.4	0
						0.4	0	0
						0	0	0.4
						6.30742	-11.4261	-8.89159
					}
				}
				{bone "attach11"
					{Matrix34
						0	-0.4	0
						0.4	0	0
						0	0	0.4
						-5.2874	-11.4261	-8.89159
					}
				}
				{bone "attach12"
					{Matrix34
						0	-0.4	0
						0.4	0	0
						0	0	0.4
						28.1375	-11.4261	-1.987774
					}
				}
				{bone "attach13"
					{Matrix34
						0	-0.4	0
						0.4	0	0
						0	0	0.4
						17.20273	-11.4261	-1.98777
					}
				}
				{bone "attach14"
					{Matrix34
						0	-0.4	0
						0.4	0	0
						0	0	0.4
						6.33484	-11.4261	-1.987759
					}
				}
			}
			{bone "fxsmoke"
				{Matrix34
					-0.370469	0.928747	0.0134726
					-0.9288	-0.370554	0.00444276
					0.00911858	-0.0108675	0.999899
					-49.3976	17.7069	-0.749441
				}
			}
			{bone "engine_body"
				{parameters "ID=engine;"}
				{Matrix34
					0	-1	0
					-0.0347085	0	0.999398
					-0.999397	0	-0.0347085
					44.9646	0.473573	4.16466
				}
				{VolumeView "engine_body.ply"}
				{bone revolute "vent"
					{parameters "ID=engine;"}
					{Position 0.0460449	5.38809	-1.97368}
					{VolumeView "vent.ply"}
				}
			}
			{bone "cabin"
				{parameters "ID=cabin;"}
				{animation
					{sequence "repair" {file "cabin_r.anm"}}
				}
				{Matrix34
					0.999996	0	-0.00266221
					0	1	0
					0.00266221	0	0.999997
					8.42244	1.965	16.0791
				}
				{VolumeView "cabin.ply"}
				{bone "doorr"
					{parameters "ID=cabin;"}
					{Position 19.5253	-15.8086	4.76837e-005}
					{VolumeView "doorr.ply"}
					{bone "glass_doorr"
						{parameters "ID=glass;"}
						{Matrix34
							0.987051	0.160009	-0.0113251
							-0.000687851	0.0748227	0.997197
							0.160408	-0.984276	0.0739638
							-9.97938	-0.17811	4.55403
						}
						{VolumeView "glass_doorr.ply"}
					}
				}
				{bone "doorl"
					{parameters "ID=cabin;"}
					{Position 19.2702	12.6565	8.01086e-005}
					{VolumeView "doorl.ply"}
					{bone "glass_doorl"
						{parameters "ID=glass;"}
						{Matrix34
							0.989762	-0.142279	-0.0113255
							0.000654317	-0.0748251	0.997196
							0.142728	0.986994	0.0739661
							-9.82023	0.15192	4.55403
						}
						{VolumeView "glass_doorl.ply"}
					}
				}
				{bone "glass_back"
					{parameters "ID=glass;"}
					{Matrix34
						0	-1	0
						0.0138965	0	0.999904
						-0.999903	0	0.0138964
						1.60321	-1.72081	5.34487
					}
					{VolumeView "glass_back.ply"}
				}
				{bone "glass_front"
					{parameters "ID=glass;"}
					{Matrix34
						0	-1	0
						-0.443718	0	0.896166
						-0.896167	0	-0.443718
						17.7294	-1.5325	4.19857
					}
					{VolumeView "glass_front.ply"}
				}
				{bone "driver"
					{Matrix34
						1	-1.14442e-005	0
						1.14431e-005	1	0
						0	0	1
						7.85523	6.09512	-16.1808
					}
				}
				{bone "commander"
					{Matrix34
						1	-1.14442e-005	0
						1.14431e-005	1	0
						0	0	1
						7.77195	-7.95974	-16.1951
					}
				}
			}
			{bone "visor"
				{Matrix34
					0.999968	-0.00138984	-0.00787011
					-0.00145588	-0.999964	-0.00839184
					0.00785819	-0.00840298	0.999934
					29.605	8.52741	26.0758
				}
			}
			{bone "fenderl"
				{parameters "ID=body;"}
				{Matrix34
					0.999996	0	-0.00266185
					0	1	0
					0.00266185	0	0.999997
					8.42368	1.97231	16.5535
				}
				{VolumeView "fenderl.ply"}
			}
			{bone "headlightr"
				{Matrix34
					0.999911	0.00383581	0.0127814
					0.00388273	-0.999986	-0.00364439
					-0.0127672	-0.00369359	0.999912
					49.8166	-13.264	9.39003
				}
			}
			{bone "headlightl"
				{Matrix34
					0.999943	0.0038296	0.00994886
					0.00386608	-0.999986	-0.00363251
					-0.00993482	-0.00367066	0.999944
					49.8519	14.4694	9.32085
				}
			}
			{bone "fxlight"
				{Matrix34
					0.999996	0	-0.00266221
					0	1	0
					0.00266221	0	0.999997
					48.7279	0.282626	19.101
				}
			}
			{bone "fenderr"
				{parameters "ID=body;"}
				{Matrix34
					0.999996	0	-0.00266192
					0	-1	0
					0.00266185	0	0.999997
					8.42367	-0.893543	16.5535
				}
				{VolumeView "fenderr.ply"}
			}
			{bone "engine"
				{parameters "ID=engine;"}
				{animation
					{sequence "repair" {file "engine_r.anm"}}
				}
				{Matrix34
					0.999996	0	-0.00266221
					0	1	0
					0.00266221	0	0.999997
					42.0679	0.44704	1.1907
				}
				{VolumeView "engine.ply"}
				{bone "fxfire1"
					{Position -1.51149	-0.0562266	8.33887}
				}
				{bone "engine_hatchr"
					{parameters "ID=engine;"}
					{Position -0.393993	0.00223917	15.0235}
					{VolumeView "engine_hatchr.ply"}
				}
				{bone "engine_hatchl"
					{parameters "ID=engine;"}
					{Position 0	1.61827e-005	15.1079}
					{VolumeView "engine_hatchl.ply"}
				}
			}
		}
	}
}
{Volume "body_back"
	{Box 72.5 9 41.7}
	{Bone "body_back"}
	{Matrix34
		0.951101	-0.00448303	0.00400241
		-0.00403615	-0.00717199	0.951085
		-0.00445279	-0.951083	-0.00719083
		0.071241	-0.792196	-5.24347
	}
}
{Volume "body"
	{Box 113 3.3 19}
	{Bone "body"}
	{Matrix34
		0.951052	-0.0112046	-0.00204134
		0.0020514	0.000842659	0.951118
		-0.0112028	-0.951054	0.000866764
		-2.04887	0.373787	1.80217
	}
}
{Volume "cabin"
	{Polyhedron "cabin.vol"}
	{Bone "cabin"}
	{Matrix34
		1	0	0
		0	1	0
		0	0	1
		11.802	-1.52852	-14.4065
	}
}
{Volume "engine"
	{Polyhedron "engine.vol"}
	{Bone "engine"}
	{Position -0.790318	-0.163797	0.57728}
}
{Volume "glass_back"
	{Box 12.5 4.3 0.25}
	{Bone "glass_back"}
	{Matrix34
		0.999999	0	0
		0	0.999995	-0.00326639
		0	0.00326627	0.999995
		0.0158062	-0.0653495	-0.0813281
	}
}
{Volume "glass_doorl"
	{Polyhedron "glass_doorl.vol"}
	{Bone "glass_doorl"}
	{Matrix34
		0.999992	-0.000892631	0.00391049
		0.00086612	0.999977	0.00677636
		-0.0039165	-0.00677292	0.999969
		0.473442	-0.067028	-0.131546
	}
}
{Volume "glass_doorr"
	{Polyhedron "glass_doorr.vol"}
	{Bone "glass_doorr"}
	{Matrix34
		0.999992	-0.000892646	0.00391072
		0.000866107	0.999977	0.00677629
		-0.0039163	-0.006773	0.999969
		0.471191	-0.0680809	-0.117664
	}
}
{Volume "glass_front"
	{Box 27.25 9.5 0.25}
	{Bone "glass_front"}
	{Matrix34
		0.999999	0	0
		0	1	0.000300795
		0	-0.00030002	1
		-0.0892982	0.00671165	0.0126267
	}
}
{Volume "shield"
	{Box 72 22.5 41}
	{Bone "shield"}
	{Matrix34
		0.951018	-0.00448295	-0.013273
		0.0132385	-0.00725349	0.951001
		-0.004584	-0.951082	-0.00719012
		-3.09392	-1.05905	-1.33527
	}
}
{Volume "wheelleft1"
	{Cylinder 9.8 4.5}
	{Bone "wheelleft1"}
	{Matrix34
		-1	0	0
		0	1	0
		0	0	1
		-0.1064	-0.0629968	0.0652802
	}
}
{Volume "wheelleft2"
	{Cylinder 9.8 9}
	{Bone "wheelleft2"}
	{Matrix34
		-1	0	0
		0	1	0
		0	0	1
		0.00223285	0.0303705	-0.399885
	}
}
{Volume "wheelrigh2"
	{Cylinder 9.8 9}
	{Bone "wheelright2"}
	{Matrix34
		-1	0	-1.1177e-005
		0	1	0
		-2.16785e-005	0	-1
		0.0717752	0.0700639	-0.490052
	}
}
{Volume "wheelright1"
	{Cylinder 9.8 4.5}
	{Bone "wheelright1"}
	{Matrix34
		-1	0	0
		0	1	0
		0	0	-1
		-0.0873799	0.0792886	-0.0871871
	}
}
