;Exported by: Normand
;Date:        Tue Sep 10 21:29:31 2013
;File:        C:\Normand\t-26_1931_x.max
{Skeleton
	{animation
		{sequence "start" {speed 0.4}}
		{sequence "stop" {speed 0.4}}
		{sequence "fire" {speed 0.4}}
		{sequence "open" {resume}}
		{sequence "hit" {speed 0.6}}
	}
	{bone "basis"
		{parameters "WheelRadius=0.3;"}
		{Orientation
			1	0	0
			0	-1	0
			0	0	1
		}
		{bone "body"
			{parameters "ID=body;"}
			{animation
				{sequence "repair" {file "body_r.anm"}}
			}
			{Position -0.181608	0.00978374	16.1529}
			{VolumeView "body.ply"}
			{bone "body_top"
				{parameters "ID=body;"}
				{VolumeView "body_top.ply"}
			}
			{bone "chassis"
				{parameters "ID=body;"}
				{VolumeView "chassis.ply"}
			}
			{bone "fxfire1"
				{Position 0.155359	3.59254	7.13157}
			}
			{bone "fxfire3"
				{Position 18.1799	-9.32265	-0.55597}
			}
			{bone "fxfire2"
				{Position -18.5788	-0.80714	0.614582}
			}
			{bone revolute "wheell11"
				{parameters "ID=trackleft;"}
				{Matrix34
					1	0	0
					0	0	-1
					0	1	0
					25.2418	20.3927	1.46721
				}
				{VolumeView "wheell11.ply"}
			}
			{bone revolute "wheell12"
				{parameters "ID=trackleft;"}
				{Matrix34
					0.891303	0	0.453408
					0.453408	0	-0.891303
					0	1	0
					9.59318	20.3927	0.625149
				}
				{VolumeView "wheell12.ply"}
			}
			{bone revolute "wheell13"
				{parameters "ID=trackleft;"}
				{Matrix34
					0.949879	0	-0.312617
					-0.312617	0	-0.949879
					0	1	0
					-5.72779	20.3927	-0.277561
				}
				{VolumeView "wheell13.ply"}
			}
			{bone revolute "wheell14"
				{parameters "ID=trackleft;"}
				{Matrix34
					0.949726	0	0.313082
					0.313082	0	-0.949726
					0	1	0
					-21.8093	20.3927	-1.21914
				}
				{VolumeView "wheell14.ply"}
			}
			{bone revolute "wheelr11"
				{parameters "ID=trackright;"}
				{Matrix34
					0.812236	0	0.583329
					0.583329	0	-0.812236
					0	1	0
					25.2418	-20.3927	1.46722
				}
				{VolumeView "wheelr11.ply"}
			}
			{bone revolute "wheelr12"
				{parameters "ID=trackright;"}
				{Matrix34
					0.719769	0	0.694213
					0.694213	0	-0.719769
					0	1	0
					9.59318	-20.3927	0.625156
				}
				{VolumeView "wheelr12.ply"}
			}
			{bone revolute "wheelr13"
				{parameters "ID=trackright;"}
				{Matrix34
					0.856711	0	-0.515797
					-0.515797	0	-0.856711
					0	1	0
					-5.72779	-20.3927	-0.277551
				}
				{VolumeView "wheelr13.ply"}
			}
			{bone revolute "wheelr14"
				{parameters "ID=trackright;"}
				{Matrix34
					1	0	0
					0	0	-1
					0	1	0
					-21.8093	-20.3927	-1.21912
				}
				{VolumeView "wheelr14.ply"}
			}
			{bone revolute "wheelr10"
				{parameters "ID=trackright;Radius=0.5;"}
				{Matrix34
					1	0	0
					0	0	-1
					0	1	0
					-36.4702	-20.3364	-5.70276
				}
				{VolumeView "wheelr10.ply"}
			}
			{bone revolute "wheelr01"
				{parameters "ID=trackright;Radius=0.5;"}
				{Matrix34
					1	0	0
					0	0	-1
					0	1	0
					37.8354	-20.231	-1.38888
				}
				{VolumeView "wheelr01.ply"}
			}
			{bone revolute "wheell01"
				{parameters "ID=trackleft;Radius=0.5;"}
				{Matrix34
					1	0	0
					0	0	-1
					0	1	0
					37.8354	20.231	-1.38889
				}
				{VolumeView "wheell01.ply"}
			}
			{bone revolute "wheell10"
				{parameters "ID=trackleft;Radius=0.5;"}
				{Matrix34
					1	0	0
					0	0	-1
					0	1	0
					-36.4702	20.3364	-5.70277
				}
				{VolumeView "wheell10.ply"}
			}
			{bone "engine"
				{parameters "ID=engine;"}
				{animation
					{sequence "repair" {file "engine_r.anm"}}
				}
				{Position -25.9326	-0.00978088	5.34899}
				{VolumeView "engine.ply"}
				{bone "engine_hatch"
					{parameters "ID=engine;"}
					{Matrix34
						1	0	0
						0	-0.00494983	0.999988
						0	-0.999988	-0.00494983
						-0.275164	0	-0.659952
					}
					{VolumeView "engine_hatch.ply"}
				}
			}
			{bone "visor2"
				{Position 17.0044	-10.7189	10.5412}
			}
			{bone "fxsmoke1"
				{Matrix34
					-0.642788	-0.766045	0
					0.766045	-0.642788	0
					0	0	1
					-42.1978	-11.5936	2.52813
				}
			}
			{bone "fxsmoke2"
				{Matrix34
					-0.5	-0.852869	0.150384
					0.866026	-0.492403	0.086824
					0	0.173648	0.984808
					-42.1978	-12.4935	2.52813
				}
			}
			{bone "seat01"
				{Matrix34
					0.729927	0.681499	0.0525959
					-0.681318	0.731592	-0.0240597
					-0.0548754	-0.0182726	0.998326
					-21.8742	23.2785	-3.43007
				}
			}
			{bone "seat02"
				{Matrix34
					-0.327025	0.91906	0.219963
					-0.945016	-0.318042	-0.0761183
					0	-0.232761	0.972534
					-37.4193	18.5823	2.18027
				}
			}
			{bone "seat03"
				{Matrix34
					-0.0651182	-0.997878	0
					0.997878	-0.0651182	0
					0	0	1
					-36.5941	-22.7527	-1.64802
				}
			}
			{bone "seat04"
				{Matrix34
					0.394377	-0.90578	0.155013
					0.918405	0.394298	-0.0325845
					-0.0316068	0.155215	0.987375
					-17.008	-23.6034	-0.182817
				}
			}
			{bone revolute "turret"
				{parameters "ID=turret;"}
				{limits -90 25}
				{animation
					{sequence "repair" {file "turret_r.anm"}}
				}
				{Matrix34
					-1	0	0
					0	-1	0
					0	0	1
					-0.285222	-9.43892	13.8139
				}
				{VolumeView "turret_mgun1.ply"}
				{bone revolute "mgun_rot1"
					{parameters "ID=mgun;"}
					{limits -15 15}
					{Matrix34
						-1	0	0
						0	0	1
						0	1	0
						-9.44078	3.61284	5.24777
					}
					{VolumeView "mgun_rot1.ply"}
					{bone "mgun1"
						{Matrix34
							1	0	0
							0	0	-1
							0	1	0
							9.60236	-0.0374336	-0.0133419
						}
						{bone "foresight4"
							{Position 0.544044	0	0}
						}
					}
				}
				{bone "visor1"
					{Matrix34
						-1	0	0
						0	-1	0
						0	0	1
						-1.22845	-1.2698	12.1154
					}
				}
				{bone "enumerator1"
					{parameters "ID=enumerator;"}
					{Matrix34
						-1	0	0
						0	-1	0
						0	0	1
						-0.36444	0.098218	6.5439
					}
					{VolumeView "enumerator1.ply"}
				}
			}
			{bone revolute "turret2"
				{parameters "ID=turret2;"}
				{limits -25 90}
				{animation
					{sequence "repair" {file "turret2_r.anm"}}
				}
				{Matrix34
					-1	0	0
					0	-1	0
					0	0	1
					-0.285222	9.41935	13.8139
				}
				{VolumeView "turret_mgun2.ply"}
				{bone revolute "mgun_rot2"
					{parameters "ID=mgun;"}
					{limits -15 15}
					{Matrix34
						-1	0	0
						0	0	1
						0	1	0
						-9.44078	3.62903	5.24777
					}
					{VolumeView "mgun_rot2.ply"}
					{bone "mgun2"
						{Matrix34
							1	0	0
							0	0	-1
							0	1	0
							9.60236	-0.0374298	-0.0246925
						}
						{bone "foresight5"
							{Position 0.544044	0	0}
						}
					}
				}
				{bone "visor3"
					{Matrix34
						-1	0	0
						0	-1	0
						0	0	1
						-1.22845	-1.26496	12.1154
					}
				}
				{bone "enumerator2"
					{parameters "ID=enumerator;"}
					{Matrix34
						-1	0	0
						0	-1	0
						0	0	1
						-0.758776	-0.020545	6.5439
					}
					{VolumeView "enumerator2.ply"}
				}
			}
			{bone "cover1"
				{parameters "ID=body;"}
				{Matrix34
					-0.660775	0	0.750584
					0	1	0
					-0.750584	0	-0.660775
					14.3667	-9.74982	13.6734
				}
				{VolumeView "cover1.ply"}
			}
			{bone "cover2"
				{parameters "ID=body;"}
				{Matrix34
					-0.81273	0	-0.58264
					0	1	0
					0.58264	0	-0.81273
					22.8681	-9.74982	5.3758
				}
				{VolumeView "cover2.ply"}
			}
		}
		{bone "wheelsr"
			{Position 1.43354	-20.1707	0}
			{bone revolute "wheelr02"
				{parameters "ID=trackright;"}
				{Matrix34
					1	0	0
					0	0	-1
					0	1	0
					27.3161	-0.0795097	3.62205
				}
				{VolumeView "wheelr02.ply"}
			}
			{bone revolute "wheelr03"
				{parameters "ID=trackright;"}
				{Matrix34
					1	0	0
					0	0	-1
					0	1	0
					19.2889	-0.0795059	3.62205
				}
				{VolumeView "wheelr03.ply"}
			}
			{bone revolute "wheelr04"
				{parameters "ID=trackright;"}
				{Matrix34
					1	0	0
					0	0	-1
					0	1	0
					11.4929	-0.0795097	3.62204
				}
				{VolumeView "wheelr04.ply"}
			}
			{bone revolute "wheelr05"
				{parameters "ID=trackright;"}
				{Matrix34
					1	0	0
					0	0	-1
					0	1	0
					3.46562	-0.0795059	3.62203
				}
				{VolumeView "wheelr05.ply"}
			}
			{bone revolute "wheelr06"
				{parameters "ID=trackright;"}
				{Matrix34
					1	0	0
					0	0	-1
					0	1	0
					-3.67613	-0.0795097	3.62202
				}
				{VolumeView "wheelr06.ply"}
			}
			{bone revolute "wheelr07"
				{parameters "ID=trackright;"}
				{Matrix34
					1	0	0
					0	0	-1
					0	1	0
					-11.7034	-0.0795097	3.62202
				}
				{VolumeView "wheelr07.ply"}
			}
			{bone revolute "wheelr08"
				{parameters "ID=trackright;"}
				{Matrix34
					1	0	0
					0	0	-1
					0	1	0
					-19.4994	-0.0795097	3.62202
				}
				{VolumeView "wheelr08.ply"}
			}
			{bone revolute "wheelr09"
				{parameters "ID=trackright;"}
				{Matrix34
					1	0	0
					0	0	-1
					0	1	0
					-27.5266	-0.0795174	3.62202
				}
				{VolumeView "wheelr09.ply"}
			}
			{bone "fxtracer1"
				{Matrix34
					-1	0	0
					0	0.0174528	-0.999848
					0	-0.999848	-0.0174528
					17.9746	0.934864	-0.0788474
				}
			}
			{bone "fxtracer2"
				{Matrix34
					-0.965906	0.00451729	0.258853
					-0.258745	0.016858	-0.965798
					-0.00872654	-0.999848	-0.0151144
					-29.8219	0.276232	0.637991
				}
			}
			{bone "trackr"
				{parameters "ID=trackright;"}
				{Matrix34
					1	0	0
					0	0	1
					0	-1	0
					-1.16234	0.15099	13.3686
				}
				{VolumeView "trackr.ply"}
			}
		}
		{bone "wheelsl"
			{Position 1.43354	20.1772	0}
			{bone revolute "wheell02"
				{parameters "ID=trackleft;"}
				{Matrix34
					1	0	0
					0	0	-1
					0	1	0
					27.3161	0.0925903	3.62204
				}
				{VolumeView "wheell02.ply"}
			}
			{bone revolute "wheell03"
				{parameters "ID=trackleft;"}
				{Matrix34
					1	0	0
					0	0	-1
					0	1	0
					19.2889	0.0925865	3.62203
				}
				{VolumeView "wheell03.ply"}
			}
			{bone revolute "wheell04"
				{parameters "ID=trackleft;"}
				{Matrix34
					1	0	0
					0	0	-1
					0	1	0
					11.4928	0.0925865	3.62203
				}
				{VolumeView "wheell04.ply"}
			}
			{bone revolute "wheell05"
				{parameters "ID=trackleft;"}
				{Matrix34
					1	0	0
					0	0	-1
					0	1	0
					3.46561	0.0925789	3.62202
				}
				{VolumeView "wheell05.ply"}
			}
			{bone revolute "wheell06"
				{parameters "ID=trackleft;"}
				{Matrix34
					1	0	0
					0	0	-1
					0	1	0
					-3.67613	0.0925789	3.62201
				}
				{VolumeView "wheell06.ply"}
			}
			{bone revolute "wheell07"
				{parameters "ID=trackleft;"}
				{Matrix34
					1	0	0
					0	0	-1
					0	1	0
					-11.7034	0.0925789	3.62201
				}
				{VolumeView "wheell07.ply"}
			}
			{bone revolute "wheell08"
				{parameters "ID=trackleft;"}
				{Matrix34
					1	0	0
					0	0	-1
					0	1	0
					-19.4994	0.0925789	3.62201
				}
				{VolumeView "wheell08.ply"}
			}
			{bone revolute "wheell09"
				{parameters "ID=trackleft;"}
				{Matrix34
					1	0	0
					0	0	-1
					0	1	0
					-27.5266	0.0925827	3.62201
				}
				{VolumeView "wheell09.ply"}
			}
			{bone "fxtracel1"
				{Matrix34
					-1	0	0
					0	-0.017453	-0.999848
					0	0.999848	-0.017453
					17.9746	0.0159397	-0.174482
				}
			}
			{bone "fxtracel2"
				{Matrix34
					-0.965906	-0.00451703	0.258853
					-0.258745	-0.0168582	-0.965798
					-0.00872633	0.999848	-0.0151146
					-30.0332	-0.211388	0.386149
				}
			}
			{bone "trackl"
				{parameters "ID=trackleft;"}
				{Matrix34
					1	0	0
					0	0	1
					0	-1	0
					-1.16234	-0.153385	13.3686
				}
				{VolumeView "trackl.ply"}
			}
		}
		{bone "fxshot"
			{Position 1.43354	0	0}
		}
		{bone "emit2"
			{Matrix34
				0	1	0
				-1	0	0
				0	0	1
				20.7325	-32.5631	0
			}
		}
		{bone "emit6"
			{Matrix34
				0	1	0
				-1	0	0
				0	0	1
				-14.5864	-32.5631	0
			}
		}
		{bone "emit5"
			{Matrix34
				0	1	0
				-1	0	0
				0	0	1
				-34.0974	-32.5631	0
			}
		}
		{bone "emit3"
			{Matrix34
				0	-1	0
				1	0	0
				0	0	1
				-14.5864	32.0855	0
			}
		}
		{bone "emit4"
			{Matrix34
				0	-1	0
				1	0	0
				0	0	1
				-34.0974	32.0855	0
			}
		}
		{bone "emit1"
			{Matrix34
				0	-1	0
				1	0	0
				0	0	1
				20.7325	32.0855	0
			}
		}
	}
}
{Obstacle "body"
	{Obb2
		{Center 0.0704975 0.0606499}
		{Extent 40.326 16.7916}
		{Axis 1 0}
	}
	{Rotate}
}
{Obstacle "trackleft"
	{Obb2
		{Center -0.124443 -19.9016}
		{Extent 43.8211 3.07434}
		{Axis 1 0}
	}
	{Rotate}
}
{Obstacle "trackright"
	{Obb2
		{Center -0.124443 19.9021}
		{Extent 43.8211 3.07434}
		{Axis 1 0}
	}
	{Rotate}
}
{Volume "body1"
	{Polyhedron "body1.vol"}
	{Bone "body"}
	{Position 1.58095	-0.168649	10.3885}
}
{Volume "body"
	{Polyhedron "body.vol"}
	{Bone "body"}
	{Position 0.252104	-0.0704353	-0.72996}
}
{Volume "engine"
	{Box 22.3599 11.6631 31.561}
	{Bone "engine"}
	{Matrix34
		1	0	0
		0	0	1
		0	-1	0
		5.27067	-0.0124617	-7.09762
	}
}
{Volume "ram"
	{Polyhedron "ram.vol"}
	{Bone "body"}
	{Position 6.40871	0.0631266	-1.58043}
}
{Volume "trackleft"
	{Polyhedron "trackleft.vol"}
	{Bone "wheelsl"}
	{Matrix34
		1	0	0
		0	0	1
		0	-1	0
		-1.55798	-0.275593	10.8107
	}
}
{Volume "trackright"
	{Polyhedron "trackright.vol"}
	{Bone "wheelsr"}
	{Matrix34
		1	0	0
		0	0	1
		0	-1	0
		-1.55798	0.268536	10.8107
	}
}
{Volume "turret"
	{Cylinder 9.17997 13.8915}
	{Bone "turret"}
	{Matrix34
		-1	0	0
		0	-1	0
		0	0	1
		-0.0844069	-0.0393734	6.87626
	}
}
{Volume "turret2"
	{Cylinder 9.17997 13.8915}
	{Bone "turret2"}
	{Matrix34
		-1	0	0
		0	-1	0
		0	0	1
		-0.0844069	0.0420933	6.87626
	}
}
