;Exported by: Normand
;Date:        Tue Nov 27 02:03:22 2012
;File:        C:\Users\Normand\mercedesl3k.max
{Skeleton
	{bone "basis"
		{parameters "SteerMax=30;WheelRadius=0.45;"}
		{Orientation
			1	0	0
			0	-1	0
			0	0	1
		}
		{bone "link2"
			{Matrix34
				-0.999932	0.011645	-0.000228861
				-0.000150038	0.00676924	0.999977
				0.0116462	0.999909	-0.00676702
				-51.6761	0.153481	15.3629
			}
		}
		{bone "emit1"
			{Matrix34
				0.00884067	-0.999951	0.00447319
				0.999961	0.00884065	-2.38416e-005
				-1.57055e-005	0.00447323	0.99999
				22.7592	25.4121	0.000667108
			}
		}
		{bone "emit2"
			{Matrix34
				-0.00400451	0.999992	0
				-0.999982	-0.00400447	-0.00445746
				-0.00445742	-1.78499e-005	0.99999
				22.1086	-27.3296	0.235885
			}
		}
		{bone "emit4"
			{Matrix34
				1	0	0
				0	0.99999	-0.00447319
				0	0.00447319	0.99999
				-78.6577	-12.5746	-0.0625128
			}
		}
		{bone "emit3"
			{Matrix34
				1	0	0
				0	0.99999	-0.00447319
				0	0.00447319	0.99999
				-78.2593	13.6999	-0.180043
			}
		}
		{bone "pivot_front"
			{parameters "ID=body;"}
			{Matrix34
				0.999996	1.20831e-005	0.00266218
				0	0.99999	-0.00447318
				-0.00266221	0.00447316	0.999986
				47.5824	0.0544341	9.37555
			}
			{VolumeView "pivot_front.ply"}
			{bone revolute "steer_l1"
				{Matrix34
					-0.999991	0.00412393	-0.000992418
					0.0041204	0.999985	0.00354134
					-0.00100681	-0.00353722	0.999993
					0.0644989	13.8127	-0.0622644
				}
				{bone "fxtracel1"
					{Matrix34
						0.999985	-0.00411092	0.00366918
						-0.00412392	-0.999985	0.00353825
						-0.00365441	0.00355333	0.999987
						0.0386429	2.10429	-9.32104
					}
				}
				{bone revolute "wheelleft1"
					{parameters "ID=wheelleft1;Support=1;"}
					{Matrix34
						0.999985	-0.00411077	0.00366926
						-0.00365466	0.00355221	0.999987
						-0.00412376	-0.999985	0.00353714
						0.0599747	1.9487	0.0899076
					}
					{VolumeView "wheelleft1_hun.ply"}
				}
			}
			{bone revolute "steer_r1"
				{Matrix34
					-0.999971	-0.00721071	0.00226481
					-0.0071838	0.999906	0.0116761
					0.00234903	-0.0116594	0.999929
					0.0723534	-13.4817	-0.0633755
				}
				{bone "fxtracer1"
					{Matrix34
						0.999974	0.00721504	0.000313252
						0.00721091	-0.999906	0.0116605
						-0.000397095	0.0116579	0.999932
						0.134743	-2.29875	-9.28631
					}
				}
				{bone revolute "wheelright1"
					{parameters "ID=wheelright1;Support=1;"}
					{Matrix34
						0.999974	0.00721511	0.00031313
						-0.000397224	0.0116568	0.999932
						-0.00721097	0.999906	-0.0116594
						0.0759048	-2.13787	0.122661
					}
					{VolumeView "wheelright1_hun.ply"}
				}
			}
		}
		{bone "pivot_back"
			{parameters "ID=body;"}
			{Matrix34
				0.999996	1.20831e-005	0.00266218
				0	0.99999	-0.00447318
				-0.00266221	0.00447316	0.999986
				-24.2676	0.397807	9.47068
			}
			{VolumeView "pivot_back.ply"}
			{bone "fxtracer2"
				{Matrix34
					-0.999996	0	0.00266218
					0	-1	0
					0.00266218	0	0.999997
					-0.192568	-16.4583	-9.47191
				}
			}
			{bone "fxtracel2"
				{Matrix34
					-0.999996	0	0.00266218
					0	-1	0
					0.00266218	0	0.999997
					-0.191589	15.5816	-9.47187
				}
			}
			{bone revolute "wheelright2"
				{parameters "ID=wheelright2;Support=1;"}
				{Matrix34
					-0.999996	0	0.00266218
					0.00266218	0	0.999996
					0	1	0
					-0.168901	-16.1709	-0.0616922
				}
				{VolumeView "wheelright2_hun.ply"}
			}
			{bone revolute "wheelleft2"
				{parameters "ID=wheelleft2;Support=1;"}
				{Matrix34
					-0.999996	0	0.00266221
					0.00266221	0	0.999996
					0	-1	0
					-0.168554	15.2834	-0.0617266
				}
				{VolumeView "wheelleft2_hun.ply"}
			}
		}
		{bone "body"
			{parameters "ID=body;"}
			{animation
				{sequence "break" {file "body_b.anm"}}
			}
			{Matrix34
				0.999996	1.25726e-005	0.00266218
				0	0.99999	-0.00447318
				-0.00266221	0.00447316	0.999986
				7.22851	-0.350908	12.6209
			}
			{VolumeView "body_hun.ply"}
			{bone "body_back"
				{parameters "ID=body;"}
				{Position -27.2424	0.60289	17.7275}
				{VolumeView "body_back_hun.ply"}
				{bone "shield"
					{parameters "CommonMesh;ID=shield;"}
					{animation
						{sequence "break" {file "shield_b.anm"}}
					}
					{Position 3.02252	0.250019	13.6418}
					{VolumeView "shield.ply"}
				}
				{bone "fxstop1"
					{Matrix34
						-0.999999	0.00109014	0.00042504
						-0.00108053	-0.999751	0.0222871
						0.000449238	0.0222866	0.999752
						-30.5392	15.8254	-17.8287
					}
				}
				{bone "fxstop2"
					{Matrix34
						-0.999938	-0.00319596	0.0106733
						0.00343154	-0.999749	0.0221396
						0.0105999	0.0221749	0.999698
						-30.3437	-16.7771	-12.3553
					}
				}
				{bone "seat01"
					{Matrix34
						-0.0233323	-0.999699	-0.00763612
						0.999719	-0.0233639	0.00406629
						-0.00424356	-0.00753909	0.999963
						25.3398	6.88704	-8.68812
					}
				}
				{bone "seat02"
					{Matrix34
						0.00784574	0.999941	0.00751773
						-0.99996	0.00787743	-0.00418485
						-0.00424369	-0.00748462	0.999963
						25.1167	-9.05673	-8.80916
					}
				}
				{bone "seat03"
					{Matrix34
						-0.00946684	-0.999927	-0.00749493
						0.999946	-0.00949838	0.00417261
						-0.0042436	-0.00745501	0.999963
						13.1071	7.30421	-8.73681
					}
				}
				{bone "seat04"
					{Matrix34
						-0.00478487	0.999959	0.00769322
						-0.99998	-0.00475195	-0.00428084
						-0.00424405	-0.00771354	0.999961
						12.7151	-9.02401	-8.86161
					}
				}
				{bone "seat05"
					{Matrix34
						-0.00512664	0.999957	0.00769798
						-0.999978	-0.00509366	-0.00428351
						-0.00424404	-0.00771977	0.999961
						0.19293	-8.96379	-8.91419
					}
				}
				{bone "seat06"
					{Matrix34
						-0.00766927	-0.999942	-0.00752006
						0.999962	-0.00770099	0.00418598
						-0.0042437	-0.00748766	0.999963
						0.787319	7.17204	-8.79005
					}
				}
				{bone "seat07"
					{Matrix34
						-0.00738367	-0.999944	-0.00752406
						0.999964	-0.00741539	0.00418837
						-0.00424403	-0.00749285	0.999963
						-11.1454	7.51882	-8.83812
					}
				}
				{bone "seat08"
					{Matrix34
						-0.00531368	0.999956	0.00770132
						-0.999977	-0.00528066	-0.00428492
						-0.00424401	-0.00772392	0.999961
						-10.7881	-8.90754	-8.96043
					}
				}
				{bone "seat09"
					{Matrix34
						-0.00662364	-0.99995	-0.00753467
						0.999969	-0.00665547	0.00419412
						-0.0042441	-0.00750664	0.999963
						-24.6523	7.41667	-8.89618
					}
				}
				{bone "seat10"
					{Matrix34
						-0.00487691	0.999959	0.00769465
						-0.999979	-0.00484397	-0.00428158
						-0.00424402	-0.00771537	0.999961
						-24.8855	-8.85581	-9.01985
					}
				}
			}
			{bone "engine"
				{parameters "ID=engine;"}
				{animation
					{sequence "break" {file "engine_b.anm"}}
				}
				{Matrix34
					-0.00225241	0.999997	0
					0.999994	0.00225242	-0.00266298
					0.00266299	0	0.999996
					26.3095	12.5154	18.8969
				}
				{VolumeView "engine_hun.ply"}
				{bone "fxfire1"
					{Matrix34
						0.0322585	0	-0.99948
						0	1	0
						0.99948	0	0.0322585
						-6.70472	-0.0974202	-1.66891
					}
				}
				{bone "engine_hutchr"
					{parameters "ID=engine;"}
					{Matrix34
						-0.999998	-0.00224829	0
						0	0	1
						0.00224829	-0.999998	0
						-12.0634	19.2587	-6.65259
					}
					{VolumeView "engine_hutchr_hun.ply"}
				}
				{bone "engine_hutchl"
					{parameters "ID=engine;"}
					{Matrix34
						0.999998	0.00226297	0
						-7.33924e-005	0.0314394	0.999506
						0.00226178	-0.999503	0.0314395
						-12.1857	13.3996	1.32953
					}
					{VolumeView "engine_hutchl_hun.ply"}
				}
			}
			{bone "fxsmoke1"
				{Matrix34
					-0.370469	0.928747	0.0134726
					-0.9288	-0.370554	0.00444276
					0.00911858	-0.0108675	0.999899
					-49.3976	17.7069	-0.749441
				}
			}
			{bone "detail2"
				{parameters "ID=body;"}
				{Position 39.5063	-12.3323	8.21589}
				{VolumeView "detail2.ply"}
			}
			{bone "bumper"
				{parameters "ID=body;"}
				{Matrix34
					0.999996	0	-0.00266221
					0	1	0
					0.00266221	0	0.999997
					55.7728	0.505775	1.12003
				}
				{VolumeView "bumper.ply"}
			}
			{bone "cabin"
				{parameters "ID=cabin;"}
				{animation
					{sequence "break" {file "cabin_b.anm"}}
				}
				{Matrix34
					-0.999996	0	0.00266209
					0	1	0
					0.00266209	0	0.999997
					18.4797	0.473006	32.2098
				}
				{VolumeView "cabin_hun.ply"}
				{bone "doorright"
					{parameters "ID=cabin;"}
					{Matrix34
						-0.999991	0.00391087	-0.00165973
						-0.00389896	-0.999967	-0.00712265
						-0.00168753	-0.00711611	0.999973
						-8.99906	-16.1674	-18.8962
					}
					{VolumeView "doorright_hun.ply"}
					{bone "glass_doorr"
						{parameters "ID=glass;"}
						{Matrix34
							0.996946	-0.0772261	-0.0116088
							-0.00103621	-0.16172	0.986836
							0.0780869	0.98381	0.161307
							-8.33858	-0.580606	11.5015
						}
						{VolumeView "glass_doorr.ply"}
					}
				}
				{bone "doorleft"
					{parameters "ID=cabin;"}
					{Matrix34
						-0.999991	-0.00390472	-0.00165972
						-0.00389278	0.999967	-0.00712514
						-0.00168748	0.00711861	0.999973
						-8.99884	16.2421	-18.9692
					}
					{VolumeView "doorleft_hun.ply"}
					{bone "glass_doorl"
						{parameters "ID=glass;"}
						{Matrix34
							0.996946	-0.0772271	-0.0116088
							-0.00103632	-0.16172	0.986836
							0.0780879	0.98381	0.161306
							-8.33832	-0.668588	11.5504
						}
						{VolumeView "glass_doorl.ply"}
					}
					{bone "detail1"
						{parameters "ID=cabin;"}
						{Matrix34
							0.999991	0.0038962	0.00168753
							-0.00390816	0.999967	0.00711735
							-0.00165974	-0.00712394	0.999973
							0.0144615	-0.438895	6.58165
						}
						{VolumeView "detail1.ply"}
					}
				}
				{bone "detail3"
					{Matrix34
						0	-1	0
						0	0	1
						1	0	0
						-4.90902	-0.16623	-0.610107
					}
					{VolumeView "detail3.ply"}
				}
				{bone "commander"
					{Matrix34
						-1	0	0
						0	1	0
						0	0	1
						2.24218	-6.46782	-28.2547
					}
				}
				{bone "driver"
					{Matrix34
						-1	0	0
						0	1	0
						0	0	1
						2.15899	7.58704	-28.2405
					}
				}
				{bone "glass_front"
					{parameters "ID=glass;"}
					{Matrix34
						0	-1	0
						0.275777	0	0.961222
						0.961222	0	-0.275777
						-10.1033	0.0160629	-7.46545
					}
					{VolumeView "glass_front.ply"}
				}
				{bone "glass_back"
					{parameters "ID=glass;"}
					{Matrix34
						0	-1	0
						-0.0832315	0	0.99653
						0.99653	0	0.0832315
						8.46519	-0.0649709	-4.96745
					}
					{VolumeView "glass_back.ply"}
				}
				{bone "visor"
					{Matrix34
						-0.999986	-0.00138366	-0.00520798
						0.00142723	-0.999964	-0.00839288
						-0.00519621	-0.00839996	0.999951
						-11.142	8.05438	-6.15745
					}
				}
			}
			{bone "headlightr"
				{Matrix34
					0.999872	-0.00422916	-0.0154608
					-0.00432593	-0.999971	-0.00623662
					0.015434	-0.00630258	0.999861
					49.8323	-14.7845	8.71058
				}
			}
			{bone "headlightl"
				{Matrix34
					0.999911	-0.00423356	-0.0126305
					-0.00431247	-0.999971	-0.00623829
					0.0126037	-0.00629207	0.999901
					49.8858	15.896	8.59626
				}
			}
			{bone "fxlight"
				{Matrix34
					0.999996	0	-0.00266221
					0	1	0
					0.00266221	0	0.999997
					49.1448	0.380424	20.9306
				}
			}
			{bone "fenderr"
				{parameters "ID=body;"}
				{Position 40.4247	-8.08746	2.68647}
				{VolumeView "fenderr_hun.ply"}
			}
			{bone "fenderl"
				{parameters "ID=body;"}
				{Matrix34
					1	0	0
					0	-1	0
					0	0	1
					40.4248	8.82548	2.68649
				}
				{VolumeView "fenderl_hun.ply"}
			}
			{bone "engine_body"
				{parameters "ID=engine;"}
				{Matrix34
					0	-1	0
					-0.0347085	0	0.999398
					-0.999398	0	-0.0347085
					44.9647	0.473573	4.16469
				}
				{VolumeView "engine_body.ply"}
				{bone revolute "vent"
					{parameters "ID=engine;"}
					{Position 0.0460449	5.38809	-1.97367}
					{VolumeView "vent.ply"}
				}
			}
		}
	}
}
