;Exported by: vlss
;Date:        Mon May 02 18:54:33 2016
;File:        pz6bh.obj
{Skeleton
	{bone "basis"
		{Orientation
			1	0	0
			0	-1	0
			0	0	1
		}
		{bone "wheelsr"
			{parameters "ID=trackright;"}
			{Position 2.56716	-20.4674	11.0003}
			{VolumeView "wheelsr.ply"}
			{bone "trackr"
				{parameters "ID=trackright;"}
				{Matrix34
					1	0	0
					0	1	0
					0	0	1
					-2.00886	-7.52934	2.59022
				}
				{VolumeView "trackr.ply"}
			}
		}
		{bone "wheelsl"
			{parameters "ID=trackleft;"}
			{Position -4.17726	20.1947	10.8945}
			{VolumeView "wheelsl.ply"}
			{bone "trackl"
				{parameters "ID=trackleft;"}
				{Position 4.73524	7.55668	2.69559}
				{VolumeView "trackl.ply"}
			}
		}
		{bone "body"
			{parameters "ID=body;"}
			{animation
				{sequence "break" {file "body_r.anm"}}
			}
			{Matrix34
				0.999118	-0.00364032	-0.041825
				0.00331732	0.999964	-0.00778939
				0.0418519	0.00764377	0.999095
				1.18288	-0.130568	9.69384
			}
			{VolumeView "body.ply"}
			{bone revolute "turret"
				{parameters "ID=turret;"}
				{animation
					{sequence "break" {file "turret_r.anm"}}
				}
				{speed 0.01}
				{Matrix34
					0.956254	-0.290187	0.0370144
					0.289088	0.956756	0.0323265
					-0.0447945	-0.0202119	0.998792
					-1.157	5.22908	30.4179
				}
				{VolumeView "turret.ply"}
				{bone revolute "gun_rot"
					{parameters "ID=mantlet;"}
					{animation
						{sequence "break" {file "Gun_rot_r.anm"}}
					}
					{limits -10 10}
					{speed 0.01}
					{Matrix34
						0.98698	0.0246915	-0.158935
						-0.160101	0.0560826	-0.985506
						-0.0154201	0.998121	0.0593056
						26.159	-1.28493	7.00697
					}
					{VolumeView "gun_rot.ply"}
					{bone "gun"
						{parameters "ID=gun;"}
						{animation
							{sequence "break" {file "gun_r.anm"} {speed 0.9}}
						}
						{Matrix34
							1	0	0
							0	0	1
							0	-1	0
							17.8476	9.19517	-0.216369
						}
						{VolumeView "gun.ply"}
					}
				}
			}
		}
	}
}
{Volume "body1"
	{Polyhedron "body1.vol"}
	{Bone "body"}
	{Matrix34
		0.999986	0.00523596	0.00104905
		-0.00523596	0.999986	0
		-0.00104905	0	1
		-12.9225	-0.0676592	-0.0135565
	}
}
{Volume "body"
	{Polyhedron "body.vol"}
	{Bone "body"}
	{Matrix34
		0.999986	0.00523596	0.00104905
		-0.00523596	0.999986	0
		-0.00104905	0	0.999999
		-12.9225	-0.0676593	-0.0135555
	}
}
{Volume "crew"
	{Polyhedron "crew.vol"}
	{Bone "body"}
	{Matrix34
		0.999984	0.00523589	0.0021739
		-0.00523589	0.999986	0
		-0.0021739	0	0.999998
		-2.60917	-0.250713	2.59973
	}
}
{Volume "gun"
	{Polyhedron "gun.vol"}
	{Bone "gun"}
	{Position 0.00187302	0.272765	1.66107}
}
{Volume "inventory"
	{Polyhedron "inventory.vol"}
	{Bone "body"}
	{Matrix34
		0.999984	0.00523589	0.0021739
		-0.00523589	0.999986	0
		-0.0021739	0	0.999998
		-16.2165	-0.321967	2.57016
	}
}
{Volume "mantlet"
	{Polyhedron "mantlet.vol"}
	{Bone "gun_rot"}
	{Position -2.72312	0.598145	1.37714}
}
{Volume "trackleft"
	{Polyhedron "trackleft.vol"}
	{Bone "wheelsl"}
	{Position 3.97713	5.89132	-0.102261}
}
{Volume "trackright"
	{Polyhedron "trackright.vol"}
	{Bone "wheelsr"}
	{Matrix34
		1	0	0
		0	1	0
		0	0	1
		-2.78306	-5.48861	-0.208124
	}
}
{Volume "turret"
	{Polyhedron "turret.vol"}
	{Bone "turret"}
	{Position 0	0	0}
}
