;Exported by: vlss
;Date:        Tue May 10 17:14:30 2016
;File:        pz6b.obj
{Skeleton
	{bone "basis"
		{Orientation
			1	0	0
			0	-1	0
			0	0	1
		}
		{bone "wheelsr"
			{parameters "ID=trackright;"}
			{Position 2.56716	-20.4674	11.0003}
			{VolumeView "wheelsr.ply"}
			{bone "trackr"
				{parameters "ID=trackright;"}
				{Matrix34
					1	0	0
					0	1	0
					0	0	1
					-2.00886	-7.52934	2.59022
				}
				{VolumeView "trackr.ply"}
			}
		}
		{bone "wheelsl"
			{parameters "ID=trackleft;"}
			{Position -4.17726	20.1947	10.8945}
			{VolumeView "wheelsl.ply"}
			{bone "trackl"
				{parameters "ID=trackleft;"}
				{Position 4.73524	7.55668	2.69559}
				{VolumeView "trackl.ply"}
			}
		}
		{bone "body"
			{parameters "ID=body;"}
			{animation
				{sequence "break" {file "body_r.anm"}}
			}
			{Matrix34
				0.999986	-0.00523572	-0.00104896
				0.00527036	0.999327	0.0363134
				0.00085813	-0.0363184	0.99934
				0.52892	0.0774831	8.81274
			}
			{VolumeView "body.ply"}
			{bone revolute "turret"
				{parameters "ID=turret;"}
				{animation
					{sequence "break" {file "turret_r.anm"}}
				}
				{speed 0.01}
				{Matrix34
					0.977377	-0.211459	0.00436114
					0.210755	0.975444	0.0639608
					-0.0177791	-0.0615947	0.997943
					-4.4926	-0.320075	28.5508
				}
				{VolumeView "turret.ply"}
				{bone revolute "gun_rot"
					{parameters "ID=mantlet;"}
					{animation
						{sequence "break" {file "Gun_rot_r.anm"}}
					}
					{limits -10 10}
					{speed 0.01}
					{Matrix34
						0.98698	0.0246915	-0.158935
						-0.160101	0.0560826	-0.985506
						-0.0154201	0.998121	0.0593055
						26.8023	-0.604378	5.79551
					}
					{VolumeView "gun_rot.ply"}
					{bone "gun"
						{parameters "ID=gun;"}
						{animation
							{sequence "break" {file "gun_r.anm"} {speed 0.9}}
						}
						{Matrix34
							1	0	0
							0	0	1
							0	-1	0
							19.2342	7.34822	-0.216376
						}
						{VolumeView "gun.ply"}
					}
				}
			}
		}
	}
}
{Volume "body1"
	{Polyhedron "body1.vol"}
	{Bone "body"}
	{Matrix34
		0.999986	0.00523596	0.00104904
		-0.00523596	0.999986	0
		-0.00104906	0	0.999999
		-12.9225	-0.0676592	-0.0135546
	}
}
{Volume "body"
	{Polyhedron "body.vol"}
	{Bone "body"}
	{Matrix34
		0.999986	0.00523596	0.00104904
		-0.00523596	0.999986	0
		-0.00104906	0	0.999999
		-12.9225	-0.0676594	-0.0135546
	}
}
{Volume "crew"
	{Polyhedron "crew.vol"}
	{Bone "body"}
	{Matrix34
		0.999984	0.00523589	0.0021739
		-0.00523589	0.999986	0
		-0.0021739	0	0.999998
		-2.60917	-0.250713	2.59974
	}
}
{Volume "gun"
	{Polyhedron "gun.vol"}
	{Bone "gun"}
	{Position -0.00145721	-0.788708	-1.30011}
}
{Volume "inventory"
	{Polyhedron "inventory.vol"}
	{Bone "body"}
	{Matrix34
		0.999984	0.00523589	0.0021739
		-0.00523589	0.999986	0
		-0.0021739	0	0.999998
		-16.2165	-0.321967	2.57016
	}
}
{Volume "mantlet"
	{Polyhedron "mantlet.vol"}
	{Bone "gun_rot"}
	{Position -1.33656	-1.24881	0}
}
{Volume "trackleft"
	{Polyhedron "trackleft.vol"}
	{Bone "wheelsl"}
	{Position 3.97713	5.89132	-0.102261}
}
{Volume "trackright"
	{Polyhedron "trackright.vol"}
	{Bone "wheelsr"}
	{Matrix34
		1	0	0
		0	1	0
		0	0	1
		-2.78306	-5.48861	-0.208124
	}
}
{Volume "turret"
	{Polyhedron "turret.vol"}
	{Bone "turret"}
	{Position 1.05699	0	-1.4389}
}
